0 0 1 20
0 1 -2 10
0 2 -2 10
0 3 -2 10
0 4 -3 10
0 5 -2 10
0 6 -2 10
0 7 -2 10

1 1 1 20
1 0 -2 10
1 2 -2 10
1 3 -2 10
1 4 -2 10
1 5 -3 10
1 6 -2 10
1 7 -2 10

2 2 1 20
2 0 -2 10
2 1 -2 10
2 3 -2 10
2 4 -2 10
2 5 -2 10
2 6 -3 10
2 7 -2 10

3 3 1 20
3 0 -2 10
3 1 -2 10
3 2 -2 10
3 4 -2 10
3 5 -2 10
3 6 -2 10
3 7 -3 10

4 4 1 20
4 0 -3 10
4 1 -2 10
4 2 -2 10
4 3 -2 10
4 5 -2 10
4 6 -2 10
4 7 -2 10

5 5 1 20
5 0 -2 10
5 1 -3 10
5 2 -2 10
5 3 -2 10
5 4 -2 10
5 6 -2 10
5 7 -2 10

6 6 1 20
6 0 -2 10
6 1 -2 10
6 2 -3 10
6 3 -2 10
6 4 -2 10
6 5 -2 10
6 7 -2 10

7 7 1 20
7 0 -2 10
7 1 -2 10
7 2 -2 10
7 3 -3 10
7 4 -2 10
7 5 -2 10
7 6 -2 10

