7.603820
8.206114
8.110036
8.033617
8.300991
8.363594
7.705753
8.930566
9.148183
8.875243
9.339639
8.804151
9.299227
9.868514
10.139715
9.385072
10.197235
9.527161
10.920780
10.126566
10.209619
10.939182
10.119269
11.141252
11.557559
10.922776
11.025916
11.601541
11.543018
11.784623
12.059105
13.008990
12.413062
12.283599
11.883104
13.430215
12.885055
13.100332
12.436327
13.619027
13.728014
13.528400
13.069445
14.063103
13.739168
13.657245
13.597041
14.870434
14.224972
14.615993
15.103577
15.001146
14.470705
15.344364
15.983723
14.847753
15.750912
16.050774
15.422507
16.696461
16.564205
15.941062
17.370550
16.906467
16.075998
17.228107
17.497356
16.515261
18.133810
17.123333
17.505823
18.007725
18.009537
17.211718
18.815701
17.757444
17.933615
18.756414
18.255848
18.187305
19.049444
18.938284
18.644699
19.122032
18.513029
18.698284
19.654354
19.334015
18.452497
19.446117
19.450518
19.299553
20.240379
19.697132
19.406046
20.225096
19.389803
19.792480
20.138304
20.048164
19.115623
20.376986
19.892427
19.613361
20.205767
20.313366
19.720415
20.284527
20.680994
20.242649
20.454449
19.914492
19.791851
20.857079
20.397945
21.160891
21.038727
21.482792
21.240999
22.113628
21.794664
22.572107
22.343042
22.617022
21.797506
22.940311
22.982145
23.604393
22.926908
23.929642
23.432074
23.795076
23.431334
24.126240
23.973923
24.645191
24.097092
24.667940
24.365719
24.737108
24.351549
24.605265
24.682062
25.265869
24.789827
25.085407
24.422113
25.885054
25.358032
25.804043
25.558508
25.507711
25.123531
25.672804
25.107277
26.438505
25.961788
25.824728
25.392012
26.566679
25.723444
27.033043
26.301653
26.975969
26.061663
26.346951
26.754667
27.038683
26.977438
26.565834
26.517445
27.203964
26.918997
27.270855
26.489731
27.152090
27.383171
27.552437
26.542322
27.094570
27.314430
27.551456
26.889496
27.871723
27.501663
27.492161
27.267157
27.673000
27.192938
28.323187
27.909178
28.389639
27.463873
28.154358
27.964880
28.485666
27.890326
27.936382
27.546476
27.960747
27.897415
28.120150
27.545916
28.154825
27.891008
27.988525
27.875837
28.433592
28.022224
28.471657
28.328680
28.186983
28.285950
28.723866
28.032103
28.419277
28.056269
28.455248
28.077991
28.532988
27.668322
28.799891
28.322512
28.760920
28.094267
29.062464
28.319790
28.233042
28.366491
28.896284
28.505400
28.659521
28.595173
28.374506
28.347145
28.737743
27.938980
28.545549
28.174046
28.487654
28.839964
28.473110
28.003275
28.452454
28.774132
29.364887
28.687096
29.351549
28.077848
29.383659
28.492058
28.790430
28.441154
28.967930
28.351770
29.087847
28.645649
29.488104
28.840944
29.090767
28.800133
28.905193
28.930864
28.721472
28.376392
29.329836
28.565617
29.142403
28.743380
29.414169
28.803537
29.030752
28.253418
28.795921
28.604897
29.363369
28.444984
29.504358
28.587118
28.956810
28.353874
29.366236
28.392750
29.424341
28.569473
28.694864
28.257362
29.252916
28.129227
29.004547
28.789707
29.508707
28.461521
28.951656
29.036175
29.326166
28.965937
29.597725
28.946644
28.758381
28.582151
29.129238
28.877544
29.568058
29.107857
28.937351
28.596588
29.308414
29.095377
29.263569
28.785910
29.659988
28.881510
29.231350
28.862005
29.448351
29.008865
29.371803
28.510061
28.966106
29.047941
29.573921
28.870852
28.747274
28.650265
29.129259
29.095591
29.206959
28.529732
28.812248
28.899151
28.831505
28.298187
28.779186
28.592581
29.400595
29.088070
29.249624
28.286552
28.880337
28.428282
29.319231
29.210651
29.438690
28.367983
29.061714
28.907093
29.097002
28.484526
28.928009
29.002281
29.625072
28.677055
28.950022
28.238993
28.794786
29.201118
29.079424
28.995430
29.034634
29.118616
29.507505
28.333742
29.102684
28.819731
28.762051
28.693434
28.774258
28.591293
29.191435
28.879658
29.350555
28.421022
29.341408
28.264843
29.624790
28.785290
29.250332
29.046030
28.774879
28.689442
29.521940
29.226458
29.584280
28.319700
29.475853
29.058140
29.105000
28.549715
29.717674
29.113029
29.017391
28.762720
28.834164
28.906200
29.488895
28.429062
28.790581
28.587851
29.283115
28.429237
28.914648
28.861980
28.772272
28.740698
29.030067
29.105185
29.554037
28.586172
29.476908
28.266542
28.886616
28.244316
29.148142
28.318195
29.535233
28.454897
29.028891
28.732803
29.521290
28.553049
29.118647
28.859484
29.316311
28.320345
29.727024
29.017326
29.070362
28.548042
28.880606
28.905920
29.399448
29.120884
29.462496
28.483715
29.111059
28.788445
29.477982
29.154831
28.875731
28.839134
28.843405
28.467232
28.898680
28.382355
29.661358
28.444498
29.428240
28.737837
29.197554
29.122562
29.036165
28.785746
29.336189
28.555283
29.192430
29.060957
29.027006
29.195347
29.319069
28.950211
29.641088
28.285988
29.734734
29.204355
29.019564
28.484751
29.011684
28.813309
28.984425
28.802824
29.535965
28.455341
29.164551
28.730947
29.000624
28.705990
28.847765
28.952656
28.787378
28.756086
29.255201
29.103676
29.282314
28.855476
29.056276
28.684038
29.292507
28.395397
29.560246
29.180613
29.577438
28.442282
29.648285
28.247177
29.321438
28.481865
29.013376
29.082581
29.271603
28.801287
29.365238
29.158796
29.393410
28.353306
29.449080
28.752857
29.188892
28.689896
29.358295
28.510862
29.708403
28.494251
29.346195
28.255209
29.282681
29.183287
29.309484
28.543148
29.663824
28.893911
29.197796
28.376667
29.609219
28.461002
28.770842
28.884283
29.731699
28.437967
29.722378
28.932543
29.516594
28.889736
29.224747
28.765642
29.096087
29.238058
29.072985
28.917074
29.447878
28.886150
29.116461
28.934332
28.915421
29.162355
28.831863
28.879097
28.977055
28.410713
28.967983
28.326488
29.602118
28.594009
28.945429
28.593315
29.655268
28.847990
29.015961
28.855804
28.920635
28.805054
28.879026
28.336782
29.218906
28.293667
29.689734
28.486700
28.950544
29.202660
29.357601
28.524950
29.041216
29.020233
28.921005
29.224165
29.659910
28.829714
29.479048
28.630564
29.679642
29.120356
29.310003
28.896711
29.453358
28.391981
29.660913
29.059265
29.055422
28.994720
29.721064
29.053459
29.013603
29.155281
28.815151
28.425955
29.475536
29.099499
28.918808
28.281399
28.861004
28.418419
29.355719
28.459322
29.322573
28.622826
29.438297
28.659851
29.324814
29.179781
29.366320
28.869974
28.917374
28.862591
29.730997
28.443533
29.582670
28.349091
29.104925
28.584692
29.027733
28.706287
29.649071
29.153074
28.946531
28.348986
29.703842
28.389830
28.953674
28.692513
29.161644
28.511782
28.763226
28.917807
29.434505
28.530745
29.475227
29.163359
29.368376
28.333265
29.414486
28.862833
29.666403
28.974611
29.270269
28.539810
29.568350
28.411287
29.677639
28.434778
29.596762
28.809431
28.967718
28.431334
29.054384
28.886044
29.212009
28.822239
28.766697
28.733526
29.229132
28.703918
29.090084
28.364090
29.209452
29.114902
29.529541
29.113235
29.662273
29.068388
29.074320
28.420561
29.468458
28.399775
28.804800
28.507153
29.171789
29.066444
29.091425
28.264627
28.994555
28.342123
29.069014
28.256388
28.765079
28.682976
29.044357
28.360760
29.111486
28.983002
29.658987
29.185251
29.466375
28.327681
29.447382
29.093710
29.736990
29.201063
29.656343
28.772324
29.547379
28.495853
29.323986
28.339582
29.382299
28.586794
29.577887
29.107094
28.788891
28.837095
28.792233
28.913242
29.131790
28.570259
29.336906
28.444588
29.563030
28.711052
29.562204
28.557524
29.138369
29.220821
29.681511
28.995550
29.527838
28.941708
29.528603
29.084326
29.734404
28.683558
28.762316
29.190630
28.833735
28.447395
29.717466
28.575474
28.914385
28.807123
28.889359
28.301332
29.400469
28.972301
28.863140
28.824497
29.476362
28.903889
29.401350
28.799057
28.761349
28.866056
29.016523
28.569683
29.002975
28.761839
28.944630
28.544565
29.071362
28.509203
29.338646
28.767076
29.606907
28.288719
29.530632
28.478373
29.099382
29.005829
29.551109
28.281847
29.717466
28.681452
28.872005
29.242228
29.508032
29.112900
28.850283
28.896719
29.316090
28.700476
29.038366
28.373735
29.288427
28.488686
29.720226
28.628653
29.579367
28.334822
29.301270
28.629772
29.093630
28.891012
29.387796
28.636133
29.738321
28.785641
29.280609
29.149469
29.304092
28.643604
29.173838
28.697044
29.347509
28.439610
29.374065
28.693113
29.577202
28.646639
29.137009
28.903917
29.384531
28.887049
29.614084
28.469210
29.439823
29.177528
29.150221
28.601898
29.671587
28.381542
28.876040
28.748379
29.423933
28.653273
29.442942
28.671303
29.011896
28.727646
29.360020
28.779192
29.074818
28.648537
29.596441
28.957802
29.057095
28.548714
29.179150
28.621408
29.457262
28.399055
29.597021
28.962708
29.393860
28.469933
29.652359
28.788754
28.970995
29.187248
29.452877
29.070498
29.249542
28.678139
29.681452
28.266808
29.339380
28.273949
29.501371
28.780352
29.692162
28.884142
29.264559
28.306732
28.875338
29.038021
29.404181
29.073219
29.492880
28.317450
28.816057
28.548079
29.015270
28.326872
28.823835
28.646906
29.122658
29.095552
28.969095
28.857801
29.661415
28.407681
28.769493
28.954351
28.997410
28.671738
29.621206
29.203938
28.806993
28.388153
29.403181
28.381861
29.331255
29.148088
29.644848
28.379816
29.666864
28.606890
29.033548
28.933764
29.598190
29.079458
29.590466
29.090908
29.579355
28.263323
29.279270
28.743408
28.887747
29.145908
29.662537
29.073889
29.078371
29.000792
29.007168
28.377909
29.305204
29.059792
29.505913
28.528164
29.394911
28.302839
29.201818
28.519737
29.702894
28.857193
28.956520
28.929865
29.377008
28.381844
29.630362
29.224571
28.982269
29.066271
29.200211
28.808485
29.151070
28.504333
28.922720
28.677488
29.454868
29.226078
29.230911
28.681313
28.851749
29.227131
29.588060
28.652712
29.501213
28.293545
29.078566
28.531576
28.978502
28.817556
28.825132
28.761869
28.794874
28.926420
28.909042
28.868738
29.436041
28.477938
29.312721
28.829464
29.614780
28.750389
28.990189
29.158014
29.083027
29.104946
29.235767
28.423191
29.619915
28.291460
29.722498
28.524782
29.021217
28.417671
28.898520
28.382906
29.135294
28.441679
29.180414
28.329205
29.340416
28.406633
29.066118
28.841856
28.944588
28.450024
29.058664
29.060658
29.742678
28.648855
29.490614
28.389530
28.930208
28.986422
29.196054
28.609095
29.514929
28.347687
29.610704
28.502115
29.088009
28.457411
29.692097
28.461590
28.761545
28.311003
28.907356
29.113098
29.296892
29.183218
29.180296
28.264448
29.573193
28.511305
29.566828
28.974222
29.730709
29.036543
29.714849
29.092611
29.373728
28.963587
28.869295
28.353682
28.941355
28.894165
29.094364
29.051908
29.535898
29.086485
29.341782
28.992594
29.257490
28.730328
29.292419
28.683767
28.991701
29.182266
29.489189
28.262217
28.837997
28.787228
29.080147
28.834951
29.167496
28.953804
29.747293
28.816801
29.740685
29.212154
29.135216
28.934286
29.308426
29.222948
29.417650
28.463192
29.406698
28.423042
28.854704
28.337923
28.944578
28.766512
29.003273
28.931688
28.895592
29.012096
28.804914
28.392759
28.828085
29.145990
28.866022
28.736414
29.624752
28.994598
29.182598
28.736689
29.389399
29.054081
28.851662
28.371664
28.894762
29.013094
29.095295
29.048052
28.786709
28.404146
29.568377
29.160484
29.065168
28.907618
29.252756
28.609976
28.912655
28.269859
29.414978
28.746605
28.790434
29.244450
28.930702
29.044140
29.251696
28.605177
29.353998
28.248234
29.685894
28.901966
29.565306
28.815838
28.941149
28.477310
29.492371
28.900900
29.748764
28.403566
29.203003
28.631910
29.661144
28.509804
28.767899
28.669342
29.679037
28.627478
28.848400
28.957336
29.294163
28.380711
29.423712
28.304371
29.192110
29.086975
28.920794
29.084845
29.721123
28.832115
29.117836
29.177849
28.837917
28.276247
29.013790
28.710899
29.433380
28.329519
29.138369
28.264601
29.106977
28.960625
28.835613
28.844744
29.405266
28.280792
28.943466
28.555008
29.029116
28.702732
28.829988
28.585890
29.270393
28.355492
29.314449
28.974274
29.736820
28.684231
29.745518
28.364202
28.970984
28.908920
28.868784
28.930866
29.060331
29.175837
28.812382
28.388721
29.442286
28.726570
29.129457
28.413193
29.400894
28.673744
29.391548
28.532230
29.448092
28.512016
29.670227
28.449808
28.841631
28.855911
29.152523
28.971821
28.753998
28.586575
29.164389
28.984766
28.862341
28.946728
29.461607
28.851456
29.685257
28.461607
29.571505
28.321074
29.302212
28.302181
29.186771
28.284575
29.737545
29.059258
29.636066
28.702248
29.467686
28.987331
28.893084
29.074024
28.967409
29.168856
29.212198
29.187080
29.432066
29.204178
29.528416
28.794640
29.125051
28.402927
29.663073
28.494558
29.519302
28.295084
29.085827
29.225758
29.669889
28.827183
29.649693
28.631533
29.268677
28.935629
29.089613
28.298086
29.349316
29.210817
29.571339
28.378178
28.952415
28.738058
28.807518
28.326513
29.123579
28.594530
28.933111
29.090063
28.826923
29.233913
29.521111
28.366236
28.998161
29.117846
29.047577
28.895174
28.934433
28.273272
29.362198
28.454393
29.518631
28.494080
29.040136
28.888563
29.374987
29.018631
29.419624
29.001554
29.727068
29.222321
29.380573
29.009672
29.515877
28.291990
29.647877
28.598883
29.560457
28.853283
29.442255
28.702686
29.629471
28.948370
28.871332
28.701916
28.834476
28.608076
28.806879
28.765087
29.665840
28.435862
29.568611
28.715260
28.892855
28.964693
29.075539
28.387384
29.153845
28.989140
29.050831
28.858608
29.380438
28.335388
28.849583
28.745106
28.922705
29.064175
28.980862
28.855417
29.113129
28.443861
29.252640
29.128710
28.932150
28.666695
29.574053
29.103321
28.757137
28.376842
29.304338
28.357176
29.068068
28.953392
28.965935
29.157679
29.394068
28.502764
29.197935
28.288225
29.514475
28.348101
29.245371
28.278051
29.655283
28.844259
29.541992
28.421698
29.387938
28.894020
28.949047
28.667969
29.418388
29.224855
29.567358
28.981443
29.233149
28.405392
29.546116
28.716061
29.103489
28.396053
29.526905
28.490574
28.957989
28.503748
29.201443
28.485186
29.107601
28.471189
28.988270
28.991825
29.547325
28.934971
28.845812
28.529873
28.976500
28.829813
29.508827
28.653282
29.470129
28.608887
29.093897
28.526438
29.569263
29.111488
29.215408
29.013985
29.265678
29.091209
29.365135
28.295822
29.312159
29.080076
29.211172
28.522837
29.655537
28.587908
28.990948
29.185961
28.877121
28.352777
29.165913
29.090298
29.080868
28.778114
29.567738
29.022673
28.964724
28.935917
29.601255
29.092228
29.355631
29.241257
29.559629
29.141823
29.489817
28.764315
29.626513
28.322351
28.801268
28.388418
28.939554
28.483936
29.278990
28.315205
29.643759
28.372070
28.852718
28.580999
28.805693
29.084133
28.982573
29.186272
29.468208
28.551498
29.374239
28.873514
29.116156
28.453102
29.542454
28.510424
28.940889
28.420635
29.260969
28.440989
29.489609
28.597204
29.138718
28.316298
29.057249
29.111433
29.572861
28.980314
29.107548
28.319195
28.966875
29.071249
29.477262
28.936403
29.258671
29.039927
29.667662
28.455494
29.185757
28.648338
29.404736
28.909527
29.509871
28.901646
29.088409
28.502455
28.815609
29.198080
28.830740
28.266134
29.277025
29.072723
29.708344
28.986099
29.065159
28.372141
29.159359
28.682524
28.936659
28.521681
29.570158
28.315386
29.362988
28.913670
29.413099
28.518171
29.251019
28.869844
28.884262
29.088495
29.255531
28.654348
29.507454
28.319153
29.686192
28.704214
29.630117
28.877150
29.298216
28.421865
29.735775
28.636473
29.296082
29.181187
29.127411
28.364798
29.495470
29.032867
29.121168
28.682070
28.958002
28.298742
29.171034
28.816257
29.731861
28.415598
28.943310
28.689463
29.323536
28.654768
28.905483
29.068924
28.803862
28.638908
29.218960
28.967422
29.472412
29.000114
29.207205
28.347729
28.819647
28.641735
29.580547
29.237381
28.966997
28.590063
29.676865
28.508463
29.525927
28.640791
29.233500
29.156881
29.639526
28.584389
29.738520
29.020832
29.460594
28.556156
28.758915
29.180258
29.450836
28.833424
29.194460
28.843462
29.254410
28.700306
28.857615
28.428852
28.779335
28.578907
29.710508
28.311054
29.027456
28.447279
29.425896
28.747316
29.163010
29.239466
29.687778
28.312889
29.332329
28.665129
29.635534
28.922117
28.872372
29.167757
28.865913
28.989019
29.111170
28.914774
28.828985
28.648830
29.007980
28.584499
29.736374
28.872980
29.675735
28.493677
29.397242
28.961170
29.681969
29.087528
29.372889
28.676285
29.277994
28.256157
29.018299
28.334009
29.558434
28.957071
29.581049
28.598541
29.133312
28.803085
29.273165
29.035198
29.658333
28.738050
28.964422
28.750313
28.770542
28.584429
29.676607
29.050156
29.602098
28.764881
29.602428
28.674963
29.220793
28.501326
29.007452
28.684124
29.424400
28.932039
29.601658
28.866270
29.453972
28.396076
29.134289
28.600653
29.218609
29.154566
29.494106
28.791811
29.072725
28.443890
29.594810
28.980997
29.315338
28.643064
29.360537
28.524233
29.725185
29.180119
29.131691
28.830894
28.911455
28.406368
29.580139
28.355494
29.256466
28.968077
29.692547
29.105518
29.627258
29.159916
29.023066
29.037338
29.369608
28.842758
28.763378
29.086630
29.424263
28.315430
29.456329
28.892302
29.235456
28.799103
29.574600
29.170925
29.418352
28.424688
28.780140
28.424702
29.444633
28.886078
29.706263
29.117880
29.230856
28.369963
28.869383
28.635012
28.887791
28.267879
29.103886
28.899284
29.534794
29.198689
29.551149
28.699715
29.656000
28.438829
29.323650
28.727821
28.755169
28.476723
29.125196
28.964426
29.311001
28.710411
29.436256
29.172155
29.698818
28.521019
28.759382
28.480783
29.571674
29.012678
29.241470
28.684862
29.603436
28.856224
29.038471
28.976652
28.818104
28.999390
29.061909
28.460445
29.307537
29.245728
28.967346
28.717335
29.411274
28.669376
29.235664
28.884417
29.280975
28.802765
29.326441
28.903950
29.231632
28.633940
28.840034
28.289301
28.840998
28.449522
29.026690
28.582397
29.662022
28.325739
29.371164
28.971817
29.715948
29.206619
29.319149
28.421968
28.779060
29.079355
28.915442
29.001698
29.668835
28.799816
29.383226
28.368519
29.399137
29.177965
29.669565
28.657475
29.689516
28.662937
29.739815
28.794481
28.905962
28.373001
29.007641
28.812876
29.591068
28.607033
28.760056
28.254576
29.434959
29.164528
29.347475
28.725071
29.451248
28.280689
29.238062
28.944971
29.714155
29.200460
29.457821
28.633307
29.391180
28.258215
28.981039
28.545464
29.710482
28.755556
29.297146
28.329979
29.633785
29.174488
29.450989
28.250906
29.202581
29.121975
29.229855
28.944323
28.760769
29.007305
29.480478
28.392839
29.027910
28.483950
29.394173
28.308481
29.189747
29.134840
29.367579
29.040915
29.602262
28.465595
29.683321
28.688185
29.377605
28.420931
29.013409
28.284079
29.727316
28.601408
29.347105
28.384480
29.158010
28.412622
29.670214
28.330782
29.381577
28.339626
28.971445
28.744020
29.488453
28.442167
29.743872
28.778212
29.259422
28.827709
29.054659
28.378414
29.496658
28.973291
29.009724
28.674381
28.865601
28.691231
28.806971
28.421127
29.365353
29.032316
29.354691
28.815445
28.955297
28.455673
29.620493
28.457659
29.390274
28.519056
29.500174
29.026331
28.972597
28.437855
28.917961
28.310022
29.487427
28.627571
28.918016
28.691263
28.851320
29.118305
29.746172
28.823997
28.772064
28.771477
29.301643
28.873047
29.280518
28.288841
28.935034
28.716824
29.706352
28.499611
29.552561
28.732716
29.102961
29.110727
29.192133
29.220612
29.042931
28.471470
29.555046
28.853848
29.420568
28.269073
29.506701
29.013094
29.095444
29.072454
29.468731
28.286917
29.421339
28.655857
29.097521
28.812704
29.633707
28.720058
29.393841
28.259350
29.481743
28.405043
29.279472
28.436531
29.695993
28.257952
29.079304
28.971447
29.707663
28.349148
29.268923
29.180668
29.211174
28.326416
29.239780
28.654455
28.879339
28.945002
29.242786
28.768759
29.655666
28.338537
29.336731
28.470644
29.702438
29.084610
29.746794
29.109024
28.931152
28.798014
28.786356
29.127491
29.277119
29.059538
29.219175
28.693716
29.620159
28.844845
29.107388
29.236317
28.900433
29.016220
29.351353
28.840225
29.325834
28.688471
28.855860
29.012917
29.653603
28.887915
29.665903
28.982653
29.379034
28.477985
28.908138
28.531279
28.800379
28.690828
29.437893
28.669270
28.934443
29.110949
28.938850
29.158312
28.961470
28.700266
29.393007
29.148470
29.275568
28.493494
29.105909
29.227310
29.337421
28.293051
29.214340
28.774071
29.085209
29.174118
28.774035
28.851547
29.143806
28.597912
28.999884
28.543886
29.137987
28.694191
28.827301
28.385216
29.604788
29.175068
29.405735
29.202946
29.599310
28.750038
29.474644
28.343880
28.918549
28.390295
29.453323
28.428917
29.736710
29.070238
28.809759
28.963768
28.898869
28.468710
28.853127
29.030582
28.813869
29.060812
29.147356
29.141994
29.111633
29.219372
29.231621
28.391298
29.536545
28.767376
29.682138
28.995884
29.635128
29.120647
28.901400
29.175722
29.697001
29.238813
29.406376
29.145296
29.678246
28.317997
28.778105
29.113230
28.935982
28.895987
29.376898
28.434162
29.121614
28.735313
29.471188
28.973314
28.912718
28.247578
29.358086
29.072136
29.522690
29.181231
28.864578
28.850477
28.940214
28.653713
29.403486
28.564169
29.407835
28.783148
28.975668
28.282246
29.733742
28.442513
29.687847
28.363190
29.669931
28.746365
29.604029
28.570103
29.108456
29.096386
29.076841
28.272074
29.725187
28.598734
29.576836
28.824274
29.175953
28.637438
29.546587
28.309370
29.310198
28.986059
29.417725
28.693501
29.545128
28.273153
29.215591
28.341679
29.365601
28.876667
29.586540
28.488049
29.732880
28.861326
28.891262
28.731018
28.991579
28.350719
29.038389
29.170517
29.599257
28.440517
28.754049
28.990660
29.487759
28.297119
29.333420
29.071825
29.675802
28.580799
28.868996
29.003557
28.794044
28.504913
29.163647
28.650984
28.884253
28.812782
29.638849
28.992983
29.435919
28.435938
28.840420
29.070671
29.206062
28.318321
29.728437
29.170668
29.441305
28.589949
29.116161
28.602886
29.097584
28.873749
28.984261
29.098072
28.921986
28.424551
28.806921
28.513662
28.911842
28.323076
28.919012
28.397793
28.934473
29.200302
28.993822
28.286083
28.984009
29.062870
28.791712
28.623482
29.460100
28.711136
29.308407
28.515039
28.821932
29.095560
29.097010
28.336296
29.246243
28.317150
29.104939
28.566504
29.528214
28.292250
29.555466
28.268658
29.728916
28.517622
28.969742
28.492603
29.635927
28.767651
28.846666
28.999451
29.405697
28.568007
29.684984
28.834616
29.529032
28.768158
28.807749
28.335096
28.781757
28.809019
29.650528
28.778204
29.654938
28.254423
29.414953
28.829544
29.335627
28.566319
29.297209
28.468843
29.292950
29.145771
29.038965
28.872396
29.098734
28.807255
29.748190
28.270748
28.896465
29.139763
29.544197
28.367102
29.132008
29.135469
29.099506
28.490490
29.606462
28.728188
28.882278
28.701185
29.047150
28.965305
28.859051
28.433500
29.526377
28.301970
29.307720
29.185432
29.367641
29.103977
29.690363
29.094637
28.995880
29.177288
29.188559
29.094204
29.152063
28.266081
29.060713
29.001665
29.037994
28.892698
29.737856
29.020477
29.164181
28.807678
29.484074
28.386402
29.490292
28.593147
29.207312
29.149591
29.512009
28.605524
28.880405
28.394844
29.675974
28.499149
29.130823
28.754360
29.409231
28.384581
29.229506
28.608294
29.099823
28.633678
29.653940
28.901545
28.964094
28.973703
28.879408
28.997932
29.421240
29.204245
28.781857
29.082102
29.285795
28.319427
29.002815
28.470131
28.894314
28.644808
29.652231
28.949236
28.818571
28.695856
29.056635
28.488394
28.956018
28.264973
29.416393
29.163998
29.578905
28.452522
29.176298
28.919395
28.791615
28.853897
28.875706
28.295204
29.491222
28.627287
29.449999
28.260765
29.573467
28.378925
29.637960
28.927082
28.791498
29.033623
29.067408
28.273441
29.282370
28.537899
29.695623
29.087383
29.589314
28.969734
29.595501
28.680363
29.521387
28.393860
29.367361
28.611246
29.465696
28.361691
29.363035
28.627155
29.527620
29.038511
28.763308
28.645121
29.605713
28.626965
29.610502
28.605215
29.131765
28.526270
29.085167
28.893021
29.547535
28.318998
29.654991
28.791008
28.876360
28.640888
29.720562
29.227322
29.666012
28.762524
28.926765
28.643436
29.131964
28.792692
29.072372
29.003027
29.705572
28.765511
29.033331
28.778208
29.151188
28.784393
29.470253
28.433060
29.631153
28.647810
29.328472
28.851482
29.226103
28.912601
29.095036
29.153416
29.002806
28.396204
29.240597
29.180861
29.358660
28.498568
29.742119
29.200209
28.892363
29.166222
28.904417
28.916302
29.427025
28.664028
29.509682
28.557701
29.501520
28.783655
28.893467
28.368935
29.694920
28.316071
29.564280
29.045341
29.129452
28.912508
28.994415
28.399422
29.422865
29.178534
29.646042
28.680065
29.455288
29.124710
29.193386
28.835915
29.126297
28.560377
29.433418
28.382252
29.582432
28.831770
28.888721
29.233320
29.059792
28.479166
28.913237
29.088427
29.388102
28.952314
29.471933
28.704828
29.705366
28.523840
29.636074
28.936686
28.966003
29.030384
28.764797
28.401344
29.440706
28.765455
28.804890
28.957502
28.832170
29.009514
29.463198
29.137365
29.744696
28.542379
29.332449
28.834309
29.012669
28.388208
28.893549
28.837090
29.435213
28.923233
29.221575
28.668129
29.555702
28.592882
29.157133
28.422495
29.156605
28.517633
29.209087
29.022537
28.981787
29.234257
28.965450
28.444624
29.439041
28.875801
29.013742
28.949394
28.986721
28.823378
29.037676
28.280716
28.975899
28.918365
28.915443
28.641775
29.116798
29.007597
29.712530
28.717945
29.585228
29.047220
28.902824
28.403448
29.304043
28.268433
29.237848
28.771030
29.112650
28.633766
29.395447
29.160355
28.916725
28.829527
29.385323
29.015860
28.906368
28.804554
28.824844
28.933771
29.199976
28.705637
29.516504
28.886604
28.931213
28.892279
29.561062
29.073940
28.985735
28.342075
29.216089
28.576641
29.186163
29.166683
29.354345
28.374929
29.067810
29.227179
29.322384
28.448500
29.399303
28.815292
29.158560
28.673183
29.557850
28.750385
29.138342
29.131430
29.473373
28.570547
29.163717
28.617073
28.791193
29.050873
29.723186
28.602209
29.605301
28.317886
29.071884
29.143188
28.771479
28.638706
28.985754
28.469360
28.833399
28.521879
29.750534
28.463675
29.748354
28.890337
28.779070
28.829063
29.675196
28.383265
28.903172
28.611847
29.185179
28.819504
28.785839
28.865091
29.093922
28.851387
29.291071
28.621216
29.594761
28.746000
28.769249
28.993235
29.487164
28.426558
29.668102
28.300018
29.054108
28.259247
29.173536
28.694220
29.276457
28.346947
29.625820
28.841988
29.244865
28.829445
28.928202
28.693592
28.964329
29.040731
28.923702
28.720745
29.225422
29.052792
28.869478
28.901449
29.057766
28.948498
28.981710
29.139200
29.143623
28.475723
29.556473
28.722221
29.054615
28.388264
28.868853
29.191160
28.854151
28.728266
28.756111
29.104599
29.643263
28.732496
29.608732
29.086582
29.605492
29.059212
29.496773
28.917797
29.309536
28.764736
29.180222
28.507696
28.964998
28.993034
29.630829
28.770020
28.915880
29.134098
29.139364
28.512001
29.548138
29.141851
29.117794
28.831329
29.130859
28.840752
29.317112
28.580486
29.349560
29.238253
29.436306
28.489513
29.275940
29.111832
29.609442
28.395193
28.960194
28.437521
29.361841
28.740351
29.630064
29.038815
29.694702
28.464317
28.957972
28.259684
29.475992
28.981497
29.137959
28.402269
29.482311
29.140011
29.099655
28.755526
29.611530
29.189232
28.842131
28.423803
29.612499
28.816128
29.355843
29.199783
29.590158
28.818800
29.039759
28.710548
28.783684
29.199606
29.193239
28.579870
29.216160
28.281399
28.762300
28.830156
29.358473
29.180305
29.487244
28.781183
29.326519
29.040552
29.586205
29.123379
29.366810
28.488258
29.043266
28.599854
29.602383
28.552750
29.351604
28.974516
28.794336
28.659426
29.300062
28.594019
28.805742
29.227890
29.150822
28.996866
29.439402
28.312712
29.318405
28.977127
29.558968
28.520502
29.677929
28.855682
29.414991
28.988882
29.720865
28.576666
28.982620
29.153587
28.920975
28.886105
29.400728
29.078077
28.876534
28.874952
29.350229
28.581106
29.655624
28.735458
29.717045
29.020702
29.072392
29.199551
29.167074
28.423487
29.268742
28.683456
29.273558
28.623634
29.581886
28.820625
29.659189
29.195307
29.603670
28.620462
29.420258
28.993658
29.003683
28.782692
29.311499
28.493839
29.280918
28.484741
29.703979
28.939602
29.372110
28.453016
28.927111
28.581146
29.344238
29.086527
29.607922
28.492176
29.038546
29.017395
29.246197
29.165316
29.453678
28.316626
29.523581
28.678558
28.781607
29.162022
29.545046
28.474527
29.709927
28.888815
29.406391
29.164484
29.421011
29.030012
29.458263
28.429356
29.610535
28.304634
28.767361
28.264839
28.879915
28.492714
28.935179
28.549282
29.293447
29.197987
29.584238
28.379807
29.309500
28.907492
29.370298
28.914738
28.847980
28.349981
28.967712
28.399338
28.806829
28.507624
29.624445
28.622149
29.260151
28.852762
28.947756
29.084673
29.407537
28.260052
29.094162
28.993702
29.159309
28.792513
29.723652
29.209682
28.849054
28.507523
29.539360
28.626425
29.714954
28.878935
29.476906
29.154999
29.720921
28.897312
29.354990
28.992256
28.999844
28.876356
29.741772
28.489010
29.568495
28.299358
28.891354
29.142401
29.170118
28.504053
29.750092
28.766499
28.839252
28.521128
29.319973
28.943575
29.063303
28.278347
29.671120
28.630934
29.529039
28.582504
29.621223
28.261736
29.511389
28.673399
29.189989
28.967527
28.868858
28.458517
28.767189
28.743683
28.987171
28.870602
29.554537
29.132936
29.196976
28.739002
29.205494
28.844576
29.531675
29.213400
29.723022
28.985941
29.434732
29.015747
29.611698
28.267448
29.546610
28.492191
29.404734
28.419754
29.105719
28.654945
28.924644
28.263130
28.782644
28.413019
29.422607
28.332581
29.608566
28.294294
28.872908
29.054163
29.464943
28.755697
28.936632
28.706421
29.099358
28.588596
29.626036
28.715355
29.093409
29.149380
29.292482
28.608387
29.595438
28.356344
29.229576
29.122896
29.722013
28.799229
28.819193
28.936029
29.632168
29.177586
29.141504
28.901917
28.786465
28.985960
29.298405
29.215031
29.262180
28.597219
29.747032
28.421309
29.363857
28.362722
29.491339
28.336634
29.588528
28.616741
29.172310
29.199978
29.335102
28.272757
29.545435
28.762381
28.824310
28.534403
28.844868
28.275421
28.941399
28.626808
29.702047
28.791273
29.242813
28.255640
29.691820
28.608932
29.406706
28.895462
29.134624
28.994789
28.782595
28.765312
29.250053
29.071218
29.444027
28.859221
29.426620
28.671682
28.823660
28.319588
29.148090
28.777435
29.575359
28.741970
29.095890
28.903952
29.031099
28.740978
29.475147
28.707640
29.275375
28.300280
28.982506
28.606461
29.664433
28.556679
29.619719
28.602352
28.772161
29.140095
28.846230
28.981569
29.478460
28.393517
29.299898
29.107813
29.433165
28.512302
29.145205
28.456869
28.809961
28.857195
29.112814
28.859791
29.569019
28.988062
28.809080
28.527611
29.457329
28.476181
28.787432
28.567533
28.757238
20.871302
20.963747
20.947113
21.106871
20.438421
21.029005
20.339693
21.063246
20.248304
21.062534
20.394901
21.462193
20.512123
21.220228
20.705257
20.924641
21.114944
21.669880
20.897129
21.631516
21.231468
21.398911
20.493578
21.664066
20.569515
21.282948
20.481497
21.600651
21.229799
20.838428
21.033379
21.276766
20.886492
20.975531
20.958429
20.884321
20.502600
21.526209
20.980421
21.503210
21.151909
21.279505
20.766331
21.392178
20.936068
21.696337
21.228708
20.882919
21.154781
21.663971
20.700531
21.068260
21.066555
20.964458
21.019777
21.362064
20.488859
21.570242
20.756758
21.016470
20.428059
21.427422
20.920944
21.537117
20.403824
20.954086
20.984411
21.072636
20.851849
20.863094
20.739796
20.808462
21.101761
21.248995
20.576157
21.316494
21.213306
21.426132
20.289288
20.975124
20.399370
21.562616
21.186592
21.199898
20.907379
21.675217
20.523184
21.640980
21.097418
21.248613
20.390472
21.442942
20.544056
21.503180
21.067358
21.291605
20.642550
21.615658
20.724508
21.632732
21.113581
21.044214
21.026663
21.026859
20.810202
21.562807
21.075613
21.569603
21.109856
21.218161
20.786121
21.409092
20.599022
21.022963
21.075340
21.720570
21.198679
21.590834
20.685009
21.114573
21.128197
21.461035
20.918161
21.588627
20.338455
20.970383
20.551588
21.318396
20.639256
21.239290
21.232086
21.668667
20.959675
21.421257
21.112226
20.905045
20.448242
21.209383
20.631750
21.159573
20.839830
20.859930
20.744461
21.307177
20.754719
20.863464
20.741360
21.182722
21.026663
21.110868
20.374842
21.144463
20.617023
20.954639
20.386887
20.984131
20.479200
21.383284
20.257421
21.372528
20.471962
20.764097
21.003155
21.679506
20.785830
20.933857
21.041321
21.748905
20.667196
21.672270
21.052788
21.045950
20.735495
21.520798
20.354729
20.770206
20.364351
20.805162
20.716156
21.162474
20.510078
21.427807
20.409681
20.974895
21.115288
20.896109
20.538599
21.465214
20.606323
21.032160
21.114372
21.552893
20.571703
21.611382
21.077757
21.554996
21.105217
20.904385
20.394548
21.356924
20.761478
21.443064
20.430122
21.339319
21.129324
20.762650
20.408878
21.487572
20.908630
21.033592
21.107841
21.339373
20.806423
21.493107
20.358070
21.475960
20.338095
21.184774
21.062334
21.569815
21.130604
21.200504
20.883038
21.285215
21.022064
21.543205
21.142427
21.108114
20.361368
20.914974
20.686283
21.604136
20.544989
21.557747
20.548035
21.564129
20.695057
20.983273
20.687744
21.134912
20.822327
21.604864
20.795727
21.678755
20.549231
21.641682
21.219692
21.025043
20.269758
21.137152
20.945383
21.261581
20.700947
20.983685
20.748375
20.863649
21.031748
21.300602
20.416523
21.749718
20.808117
20.966417
20.872252
21.557640
20.809282
21.724953
20.631105
21.160257
20.466423
21.485893
20.497574
21.550646
21.053087
21.121944
21.065638
21.200512
20.498096
21.666716
20.393423
21.277506
21.154182
21.722523
21.224026
20.882492
20.261755
21.670395
20.952961
21.053799
20.307323
21.240807
20.282440
21.011866
20.843283
20.916033
21.137972
21.204559
20.431032
20.842592
21.044895
21.110657
20.328503
20.831129
21.237125
21.052660
20.295706
21.682560
20.969820
21.123831
20.608042
20.814957
20.468437
20.803316
21.181633
21.319677
20.606026
21.298330
20.446419
20.981142
20.249422
20.993143
20.562304
20.888422
20.605160
21.110374
20.287151
21.724363
21.179882
21.420208
20.408623
21.353193
20.405252
21.714329
21.016016
21.300365
20.964304
21.575716
21.204243
20.823879
20.711424
20.787754
21.094620
21.519316
20.274832
21.401167
20.914440
21.463255
20.640917
20.936514
21.108086
21.687521
20.765419
21.364145
20.962408
21.544214
20.357313
21.437557
21.079119
21.491587
21.131430
20.802557
20.882149
21.130713
20.678427
20.945148
20.539141
21.624052
21.130939
21.039371
20.411257
21.532330
21.150589
20.985653
21.161793
21.348808
20.605026
21.104242
20.652210
20.775391
20.537216
20.882301
20.588243
21.146067
20.729584
21.577681
21.004059
21.674559
20.314930
21.149504
20.372486
21.535095
20.884712
21.229837
21.109325
21.632710
20.960802
21.488049
20.256395
21.033377
21.054586
20.891968
28.956099
28.978439
28.461773
29.512901
28.861290
29.576923
28.922367
29.048073
29.047022
29.443384
28.430828
29.322020
28.800579
29.438353
29.201487
29.678959
29.131882
29.193764
29.020374
29.193066
28.989693
29.392815
28.811783
29.708900
28.356705
29.631779
28.318750
29.239906
28.544226
29.739643
29.243614
29.668447
28.311031
29.734303
28.803907
28.978220
28.932388
29.470810
29.046957
29.368126
28.567030
28.956345
29.188734
28.770258
29.109545
29.243822
29.163536
29.493803
29.009514
29.571125
28.390507
29.372171
29.155413
28.832218
28.257725
29.371183
28.435280
29.475683
28.758814
29.122124
28.990875
28.986666
28.513250
29.394129
28.943609
29.101334
28.749630
29.422161
28.551519
28.872564
28.689754
29.399149
28.806309
29.514198
28.355808
29.198631
29.237303
29.266245
28.900799
29.038467
28.860659
28.943672
28.848339
29.280483
28.855247
28.974253
28.631828
29.435186
28.483269
28.768412
28.820742
28.950911
28.387371
29.573750
29.112562
28.897728
28.987049
29.348661
28.442268
29.000397
29.017227
29.607668
28.583084
28.852345
29.227274
29.670580
28.822832
28.871210
29.073681
29.263525
28.292208
28.924614
29.237686
28.879795
29.137453
29.742619
29.089872
29.568886
28.628174
29.504461
28.277018
29.668612
29.031565
29.075203
29.219814
29.056639
28.735012
29.556429
28.489559
29.417801
28.551447
29.546843
28.745739
29.079426
28.771990
28.994509
28.993961
28.914007
28.437975
28.895922
28.562971
28.934961
29.168846
29.035831
29.162647
29.050568
28.849085
29.120564
28.948172
29.733885
29.018909
29.534319
28.626547
28.803547
28.672569
29.487461
28.887064
29.298672
29.148848
29.479464
29.023169
28.790739
28.362476
29.232225
28.346325
28.795959
28.929537
29.143255
29.013636
29.385754
28.881306
29.686895
28.530672
29.589428
28.555103
28.756163
28.833958
29.215673
28.693235
29.272232
28.649042
29.169945
28.633503
28.899809
28.495035
29.098494
28.393812
28.909861
29.005989
29.369152
28.803213
28.904514
28.907249
29.598755
28.803120
29.405197
29.174212
28.795889
29.123373
29.220003
29.216295
28.759899
28.338919
29.299740
28.404079
29.671152
29.029240
29.609613
28.930887
29.302126
28.314388
28.951319
28.517496
29.061466
28.677940
29.024429
28.834999
29.269493
28.689121
29.283976
28.473158
29.065645
28.765827
29.204037
29.118660
29.195871
28.448517
29.686800
29.129433
29.372036
28.264769
29.466761
28.415829
29.038836
28.540520
28.963303
28.512972
29.281225
28.939238
29.740662
29.226456
29.256098
28.318758
29.406137
28.926197
29.020716
28.409672
29.055883
28.458765
29.695599
28.652565
28.778112
28.922880
29.209484
28.779631
29.685167
29.121714
29.446209
29.119194
29.653811
28.865551
29.001509
28.397036
28.865871
28.387146
29.620235
28.455404
28.970396
28.692717
29.005554
28.365061
29.243582
28.867018
29.692394
28.777170
28.796753
28.255764
29.683094
29.090689
29.273750
28.345470
29.282694
28.527365
28.944311
28.668005
29.457579
28.875618
29.284990
28.625984
29.493998
28.558620
28.811026
28.324045
29.232336
28.278118
29.657719
28.635105
29.189615
28.428535
29.147703
28.318825
28.894756
28.541475
29.702229
28.392162
29.335764
28.722010
29.530319
28.875940
29.225939
28.503775
29.542797
29.059101
29.066500
29.101370
29.349327
29.054516
29.379787
28.658863
29.528601
28.513273
28.766958
29.246185
29.046486
28.294966
29.041334
28.391115
29.702770
28.551575
29.703003
29.218504
28.838291
28.531448
29.634161
28.535126
29.006485
28.262159
29.048830
28.305756
29.395620
28.602776
29.164612
28.256117
29.209257
28.871685
29.225788
29.199625
29.128361
28.517191
29.686533
29.160318
28.865864
28.701496
29.695972
29.245045
29.373121
28.763580
29.606861
28.640150
29.592541
28.963411
29.367174
29.117441
29.659260
28.493092
29.452097
28.273846
28.841038
28.467690
29.747744
28.863634
29.325703
28.893633
29.412062
28.983715
28.810766
29.057964
28.875315
28.908508
29.575188
29.115402
28.820160
28.580280
29.129740
28.433239
29.525854
29.233381
29.689238
29.019154
29.425945
28.340933
29.715145
28.649685
29.339453
28.360067
29.724943
29.176958
29.629868
28.441332
29.570358
28.872124
28.936594
29.182802
28.997669
28.962164
28.969976
28.895359
29.467144
28.510614
28.868387
28.956268
29.111300
28.373465
29.655615
28.735806
29.454517
28.557219
29.478586
28.251976
29.707129
29.134903
29.282387
28.597260
29.340456
28.791161
29.743704
29.037205
29.645805
28.831202
28.990618
28.762426
28.940088
29.071280
28.824816
29.129963
29.302547
28.444080
29.060280
28.569500
28.914362
28.844610
28.873240
28.748100
29.057636
29.055498
28.911461
28.728422
28.902718
28.505255
28.888109
28.494509
29.665236
29.010624
29.745079
28.361282
29.705933
28.552540
28.852859
28.333250
29.645094
29.193785
28.971823
28.643135
29.487059
28.837107
29.548759
28.800858
29.035355
29.174541
29.156754
28.674908
29.506868
28.676891
29.293238
28.505257
29.164040
28.729919
29.386398
29.245434
29.286596
28.483656
29.179304
28.284382
28.861143
29.230125
28.759895
29.115616
28.897629
28.861525
29.567799
28.364233
28.830973
29.102732
29.232357
28.325859
29.195856
28.589340
28.859180
28.824852
29.097794
28.973253
29.725161
28.359486
29.646528
29.048691
29.352942
29.181198
29.272224
28.636318
29.397245
28.258568
29.536844
29.203295
29.486778
28.351381
28.848274
28.677296
29.178654
28.431257
29.022940
28.274542
29.658020
28.794830
29.504820
28.669861
29.158476
28.730200
29.541485
28.326378
29.726793
28.847870
28.767544
28.383535
29.327095
29.006413
29.059889
28.960951
29.501844
28.883188
28.952078
29.143763
29.246626
29.040909
29.572609
29.051409
28.810198
29.109503
29.189590
28.758972
29.072979
29.101755
28.811487
29.085814
29.583635
28.555029
29.287201
28.881302
29.337904
28.556973
29.054649
28.444946
29.272806
28.677620
28.812635
29.214117
28.967125
28.253519
29.143726
28.326979
29.073483
28.498108
29.345949
29.129543
29.066771
28.829397
29.060045
29.221300
29.593943
29.030283
29.100662
28.527229
29.325422
29.081434
28.885227
28.431543
29.055571
28.554426
29.074211
28.320404
29.135637
28.497435
29.189295
28.763569
29.382803
28.424850
28.803404
28.786285
29.497976
28.833006
29.041281
28.576948
28.959349
28.733402
29.580498
28.409575
28.968758
29.146849
29.390892
29.176325
29.469419
28.492193
29.318407
28.636681
28.911346
28.434622
29.499386
28.284513
28.908096
28.727329
28.836872
28.439760
28.809061
29.198715
29.262177
29.208679
29.741365
29.239454
29.744501
29.111189
29.110973
28.843508
29.322531
28.304129
28.911087
28.954252
28.933510
28.788620
29.745770
29.177555
29.127525
28.974577
28.852257
29.163698
28.855316
28.487638
29.585846
28.811682
29.224316
28.374035
28.912416
29.118393
29.487448
28.823526
29.659500
28.476196
29.152466
28.890951
29.429955
28.836514
29.094687
28.486591
29.420448
28.823944
29.179232
29.015200
29.291416
29.172604
28.805758
28.247114
28.762363
28.487316
28.939236
29.154585
29.198067
28.889492
29.080400
29.208321
29.439505
28.380646
28.995392
28.945415
29.294588
28.300705
28.879301
28.800634
29.036280
28.791527
29.431370
28.579739
29.702360
29.157223
29.610462
28.518641
29.162958
28.903736
29.060280
28.680191
29.732323
28.690245
29.293867
28.488323
29.543982
28.540695
28.991112
28.839819
29.354813
28.711266
29.127737
28.250277
28.894342
28.684078
28.768316
28.544523
29.110315
28.347298
29.490799
28.969362
28.880621
29.245163
29.395641
28.800236
28.847176
28.950762
29.506556
28.500639
29.120201
28.590553
29.314137
28.624187
29.134996
29.063667
29.572256
28.895609
29.308237
28.559639
28.990904
28.689365
29.636524
29.048023
29.606314
28.779013
29.498529
28.850063
29.269794
28.472149
29.210886
28.265621
29.333996
28.471050
29.067150
28.581142
29.155716
29.131166
29.675785
29.170355
29.493002
29.243649
29.084084
29.039227
29.333113
28.993704
28.812342
28.562176
29.185703
29.023603
28.829067
28.545940
29.640404
29.012054
29.621447
28.833323
28.896927
28.341009
28.935831
28.569923
29.656763
29.047977
29.588100
28.850477
29.408529
28.261688
29.243977
28.457411
29.249886
28.435604
29.417027
29.220812
29.111046
28.529997
29.707209
28.550856
29.428696
29.068113
28.974136
29.025631
29.557819
28.855295
28.860100
28.921211
29.547321
29.216351
29.390892
28.513332
28.764135
28.783848
28.908401
29.070351
29.698687
28.588926
28.822203
28.290524
29.667027
28.416853
29.223673
28.872147
29.460030
28.970375
29.290810
28.587891
29.292189
28.761322
29.471592
28.772720
29.735285
29.078136
29.741354
29.172544
29.279627
29.170542
29.692614
28.509329
28.896334
29.238598
29.728561
28.477121
28.963379
28.456371
28.835264
28.840284
29.355888
28.363071
29.052229
28.740658
28.890165
29.070189
29.719038
28.970457
28.824369
29.037548
28.800694
28.808714
29.518261
28.434078
29.259327
29.159107
28.957932
28.947493
28.822947
28.577047
29.364500
28.530924
28.991903
28.933941
29.475584
28.604237
29.251308
28.275385
29.443186
28.358126
29.748976
28.552763
28.804564
28.952099
28.953556
28.575653
28.941532
28.636625
29.373106
28.984743
29.307207
28.360003
28.767080
28.563116
29.110003
29.147812
29.203625
28.800915
28.965981
28.870729
29.047310
28.472624
29.318110
29.157310
29.444967
28.774940
29.496183
28.545721
29.535482
28.708563
28.795229
28.739494
29.322100
29.242075
29.058573
28.442648
29.324337
28.329756
28.789673
28.568697
29.394268
29.221849
29.243732
28.388748
29.641558
28.659731
29.718836
28.670673
29.704782
28.564049
28.790705
29.104271
29.687120
28.992523
29.686243
28.946466
29.670008
29.205996
29.701036
28.927986
29.457203
29.014414
29.752092
28.452007
29.362988
28.455265
28.787903
28.503767
28.758711
29.186850
28.822659
28.760498
29.066784
28.641438
29.326385
28.345448
28.922293
29.194660
28.810101
28.366293
29.427874
28.561813
29.146242
28.925833
29.327021
28.584938
29.011150
28.877380
29.077080
29.080788
28.853394
28.422087
29.551247
28.685102
29.028566
28.769470
29.638102
28.907249
29.162016
28.924328
29.710917
28.873751
29.619852
29.035034
29.035097
28.335430
29.307207
28.899208
29.139416
28.454834
29.400856
28.859455
29.320738
29.058334
29.364939
29.206823
29.257080
29.032955
29.596853
28.808897
28.948961
28.755474
29.666994
28.349655
29.004143
29.209425
28.793943
28.678991
29.600735
28.832468
29.485140
28.276560
28.885014
28.854187
29.142656
28.348850
29.572561
28.582819
29.524155
28.281000
29.502111
29.168329
29.324457
28.645767
29.349796
29.125896
29.282677
28.812189
29.477123
28.884590
29.094608
28.946430
29.102913
29.141760
29.226871
28.390398
29.678337
28.260071
29.171198
29.163017
29.149223
28.590961
29.456522
28.834625
28.834675
28.788458
29.717806
28.831488
29.029287
28.682821
29.161158
29.220177
29.397099
29.077320
29.151236
28.324324
29.294401
28.967394
29.083588
28.919600
29.286385
29.082581
29.208096
29.059944
29.652464
28.728575
29.581137
28.888149
29.194147
28.781565
28.970955
28.880877
28.786325
28.251310
29.415440
29.023209
29.644117
28.941048
28.785006
28.324625
29.508907
28.486126
28.767099
28.303310
29.104893
28.541664
28.955915
28.576237
29.035961
28.847189
28.763607
28.388256
29.741337
28.494967
29.095446
29.198849
29.637943
28.929426
28.824398
28.601324
29.082764
29.240173
29.330677
29.015955
29.409107
29.053072
29.498692
28.815470
29.535782
29.001406
28.895182
28.470612
29.650379
29.173201
29.397926
28.639101
29.682661
28.754400
29.460836
28.615009
29.398647
28.277691
28.874561
28.372400
29.168749
28.276604
29.339212
28.832087
28.912403
28.699400
29.544960
29.026051
28.982927
28.475994
29.315956
28.548740
29.524235
28.846977
29.684744
29.044172
29.358335
29.152456
28.833141
28.922171
28.754980
28.290907
29.725224
28.762596
28.862558
28.386948
29.094742
29.128155
29.527269
28.252808
28.959660
28.300539
29.382908
28.250576
29.202688
29.196627
29.559467
28.492641
29.569641
29.227875
29.258976
28.845749
29.315659
29.207731
29.714184
28.289974
29.522671
29.226873
28.808657
28.356659
29.415346
29.204044
28.805969
28.494537
29.717075
29.042845
29.102383
28.564804
29.627647
28.496002
28.998224
28.250710
29.141638
28.661505
29.720182
29.196672
29.336601
28.345375
28.862555
28.753216
29.327477
28.790714
29.449802
29.082933
28.893204
28.654314
29.130064
28.647356
29.147755
28.457031
29.092175
29.238499
28.819571
28.806379
29.188938
28.496788
29.120804
29.181307
29.408169
28.883091
29.608330
28.427835
29.207577
29.245129
29.149202
28.458302
29.121012
28.905186
29.045826
28.857740
29.036312
28.986212
29.407179
28.962757
29.196911
28.351753
29.148401
28.778666
29.619928
28.946342
29.491102
29.245541
28.866596
28.787731
29.627443
28.382219
28.765148
29.055904
29.301102
29.222706
29.629658
28.538286
29.119200
28.369068
29.105896
28.743292
29.485209
28.444147
28.904711
28.499260
29.642498
28.430943
29.015062
28.815006
29.270657
29.049210
29.377323
28.913406
29.669598
28.470682
29.363037
28.607529
28.967958
28.435083
29.048704
28.639856
29.580975
28.333881
29.322796
29.147232
28.951750
28.728800
29.549086
29.060627
29.689831
29.229212
29.510435
29.136145
29.653566
28.586096
29.270721
28.628506
29.061903
28.682764
28.876425
29.213184
28.791588
28.392281
29.349339
28.794392
29.749369
28.327068
29.625496
28.973232
28.799591
29.216366
29.550432
29.157042
29.572409
29.232065
29.434954
28.512043
29.152382
28.802248
29.122383
28.775923
29.385395
28.366589
29.331354
28.524986
29.664299
28.436293
29.351372
29.062098
29.198290
28.607647
29.504562
29.094816
28.789164
28.393698
29.258856
29.018332
29.037764
28.890175
29.489889
28.735096
28.921661
28.603952
29.529873
28.431847
29.725363
28.596437
28.924334
29.121902
29.353470
28.860079
29.450371
28.491611
29.028479
29.092285
29.562098
28.907591
28.763920
28.991823
28.942743
28.256987
29.228313
29.133066
29.309830
29.101179
29.535719
28.510660
29.604816
28.709257
29.149208
28.386698
29.394073
28.430096
29.570980
28.686819
29.610739
28.416862
29.562380
29.226734
29.570045
28.770542
29.054323
28.326887
29.048624
28.527470
29.602837
29.144169
28.973604
28.389938
28.761335
28.293341
28.785713
28.446161
29.025282
28.455336
28.765961
28.936125
29.272232
28.714457
29.064308
28.753721
28.921240
28.899090
29.237305
28.674461
29.130934
28.605749
29.443153
28.499773
29.489958
28.298796
28.946138
28.311234
29.263084
28.774260
29.032763
29.229570
29.191019
29.083881
29.182838
28.661999
29.491293
28.465452
29.084808
28.637917
29.685484
29.065716
28.936783
29.085026
29.167788
28.762293
29.152412
28.389589
28.885675
29.006790
28.996962
28.617317
29.701687
28.657736
28.813145
28.596294
28.997513
28.365284
28.804111
28.369198
29.074743
28.407484
28.888506
28.805620
29.035692
29.077726
29.246347
28.755943
29.542963
28.969564
29.474480
29.089769
28.993019
28.641323
29.670511
29.004063
28.907162
29.207443
28.973768
28.804882
29.590624
28.277149
29.342802
29.020039
29.211920
28.476906
29.320612
28.393429
28.786879
28.345795
28.810423
28.437677
29.526554
28.748287
29.423332
28.744816
29.200926
29.085960
28.820206
28.664524
28.860752
28.953562
29.473255
28.730026
29.146891
28.952555
29.190828
28.909933
28.800501
28.452738
28.976538
28.472820
28.984667
28.956223
29.429930
29.072033
29.527327
28.707077
29.137733
28.495747
29.278076
28.476973
29.603685
28.421320
28.810274
28.863052
28.836761
29.199306
29.659803
28.861334
29.541424
28.615448
29.724112
28.304365
29.524780
28.381502
29.013565
28.506794
29.010529
28.256468
29.567322
28.842648
29.220543
28.460545
28.962633
29.205114
29.020397
28.807840
28.908237
28.841385
29.677467
28.470909
28.846512
28.543314
29.670967
28.912878
29.684452
28.877405
29.562632
29.020376
29.424978
28.264355
28.811203
28.424915
28.949551
28.387493
29.254339
28.553083
29.601255
29.192924
29.661331
28.745544
29.626480
28.485813
29.726051
28.949408
29.496830
28.831436
29.051109
28.262508
29.287804
28.862711
29.273554
28.878025
29.277344
28.382065
28.941904
28.519489
29.515711
28.992527
29.276642
28.627825
28.920847
28.316538
29.480764
29.207649
28.994200
28.545744
29.251305
28.377598
29.259871
28.702354
29.652422
29.005190
28.992296
28.644930
29.704802
28.277443
29.497166
28.832638
28.938179
28.981531
28.875795
28.435165
29.716194
28.890781
29.337576
28.412872
29.580130
28.393164
29.180929
29.076395
29.075998
28.746412
29.712967
28.786125
29.384485
28.818558
29.060081
28.622414
28.831636
28.987373
28.871481
28.394241
29.583460
28.259068
29.590651
28.885153
29.454449
28.474844
28.975765
29.053595
28.793777
28.855564
28.891026
28.865170
28.756325
29.126905
29.017939
28.314449
29.073704
28.600821
29.674128
28.566036
28.882689
28.531027
29.067001
28.453739
29.221924
28.949671
29.552433
29.070644
29.432531
29.171598
29.483849
28.286901
28.824713
28.456942
29.138844
28.862452
28.829008
29.115021
29.743248
28.991819
29.643215
28.313154
29.521479
28.739441
29.346498
28.639515
29.162235
28.622934
29.579288
28.720823
28.868004
28.974699
29.741901
28.828053
29.423632
28.685354
29.526512
28.497530
29.147459
29.237036
28.913160
28.559340
29.568117
28.297377
29.027300
29.100571
29.366625
28.827347
28.930141
28.828709
29.240419
28.655655
29.277723
29.049955
29.155304
29.154173
28.928692
28.378893
29.660936
28.879248
29.459621
28.818569
28.820240
29.169804
29.066463
28.339190
29.277727
28.308846
28.913177
29.215666
29.410942
28.371981
28.848501
29.071474
29.192293
28.432705
29.695692
28.713194
29.662340
28.501347
29.646660
28.270720
29.600529
28.714870
29.703516
28.817221
29.065525
28.689123
29.705225
28.658495
29.476471
28.784468
29.107624
28.923126
29.145807
28.733799
29.030157
28.951887
29.349232
28.379425
29.362444
28.402239
29.150999
28.577028
29.617111
28.988775
29.091871
28.500774
29.036053
29.204491
29.613523
29.209362
29.707956
28.509399
29.593157
28.344971
28.850622
28.618603
29.603724
29.092876
29.196304
28.549448
29.620045
28.722702
29.239273
29.072992
29.630632
28.731510
29.208754
28.630814
28.894886
28.992546
29.488146
28.982161
29.571930
28.547737
28.921841
28.291441
28.912558
28.433018
29.706488
29.239660
29.553513
28.910744
28.977230
28.799208
29.282492
28.852655
29.168053
29.097540
29.675005
28.743250
29.507610
28.373764
28.813984
28.807034
29.077940
29.092627
28.783014
28.628750
29.310078
28.867393
28.984863
28.598238
29.320015
29.127932
29.106205
28.826900
29.671022
28.269018
28.772596
29.240513
28.887894
28.717022
29.101658
28.666183
29.538881
29.239336
29.018776
28.911694
29.298504
28.568846
29.675957
28.253557
29.361561
29.067019
29.363773
29.219727
29.405819
29.157608
29.047670
29.154247
29.122519
28.345329
28.996309
28.715120
29.061800
28.934553
29.444862
28.319769
29.475832
29.175611
29.459469
28.326307
29.097237
28.607801
29.072857
28.966494
28.920780
28.571703
29.333998
28.446934
29.335939
28.368587
29.334745
28.822258
28.840294
28.885218
29.158358
28.400085
29.460588
28.635536
29.535084
28.963852
29.679003
28.607988
29.587530
28.643831
29.201559
28.939304
29.465923
28.581915
29.524582
28.841017
29.443808
29.173569
29.014139
28.672874
29.176285
29.240122
28.937433
29.103321
29.668182
28.683466
29.524719
28.641081
29.149483
28.531895
29.455278
28.592039
29.379164
29.038517
29.339863
29.177559
29.113266
28.606466
29.030943
28.810696
29.222088
28.803902
28.882080
28.972483
29.433128
28.940660
29.642439
29.022528
29.063456
28.649939
29.537582
29.154497
29.010330
28.936583
29.235901
28.975431
29.006588
28.439831
28.989464
29.155262
29.681843
28.546032
29.393772
28.580917
29.394753
29.095579
28.823503
28.818218
28.776190
29.110138
29.267229
28.705116
29.630051
28.397518
29.322409
28.277142
29.413853
28.563566
29.156883
28.499886
29.140488
28.719004
29.610689
29.032858
29.057175
28.634007
28.993715
28.833256
29.249216
28.478315
29.548702
28.810911
29.343781
29.005215
29.284109
28.287331
28.865713
28.623621
29.308710
29.098316
29.564625
28.925323
28.836594
28.417139
28.754501
28.892469
29.416059
28.500793
28.843006
28.495535
28.776258
28.786743
29.554352
28.353409
28.831993
28.463978
28.949200
29.189989
28.913029
29.106636
29.267731
29.205767
29.467636
28.678663
28.977718
28.672791
29.722216
28.630981
29.635050
28.374660
29.201267
29.098694
28.993090
29.171293
29.660961
28.808681
29.042185
28.847517
29.486156
29.055496
29.465530
28.452885
28.952971
28.699345
28.833408
28.290096
29.677794
28.420177
29.442623
28.812035
29.634548
28.267309
29.400312
28.421587
29.406158
28.585377
28.970520
28.294466
28.887280
28.746544
28.832966
28.990398
29.190580
28.416676
28.767195
28.971821
29.614573
28.313509
29.119106
29.136387
28.977329
28.631985
29.525179
29.106375
29.685411
28.368181
29.654711
28.264172
29.534306
28.713528
29.674706
28.938278
29.689627
28.539196
29.752033
28.569027
29.162498
28.912247
28.892612
28.335169
29.636690
28.331436
28.827080
28.371727
29.041603
28.897921
29.535751
29.240620
28.853134
28.269142
29.220551
28.569561
28.804331
28.305759
29.265579
28.510002
29.109428
28.428705
29.202196
28.532928
29.650835
29.195141
29.032196
28.646996
28.980728
28.725531
29.519457
28.819359
29.542049
28.255766
29.531199
28.944933
29.372356
28.812168
28.939219
29.053385
29.541096
29.011671
29.449438
28.693657
29.339956
28.866476
29.479427
28.418236
29.576103
29.064140
29.204920
28.982962
29.147860
28.386860
28.905378
28.912165
29.453922
28.254801
29.347654
28.568560
29.132793
28.782055
28.886021
28.868732
29.639442
28.804459
29.707096
28.656672
29.347704
29.177067
29.248928
28.934589
28.778219
28.841246
28.902996
29.048515
29.609991
28.883043
28.796013
29.193167
29.449797
28.514853
29.550200
29.246881
28.980207
28.386017
29.278332
29.167021
29.275146
28.417458
29.183222
28.448965
29.061695
28.524254
28.848930
28.528198
29.480198
28.690655
28.979727
29.163332
29.126635
28.424103
29.635107
28.696550
29.364538
28.323429
29.345131
28.576004
28.869551
28.499569
29.582830
28.252243
28.835970
28.328461
29.645582
29.010662
28.806293
28.412214
28.791037
28.586685
28.987921
28.938366
29.447659
28.974913
29.379780
28.270723
29.267399
28.260672
29.231014
29.154097
28.846075
28.883846
29.364672
28.328800
29.169975
28.546314
29.590750
28.725983
28.764202
28.590652
28.940525
28.341623
29.149492
28.546326
28.956577
28.492136
29.630329
28.690052
29.437193
28.385742
29.699488
29.000099
29.181887
28.563681
29.192125
28.325104
28.780857
28.575607
29.034172
28.545891
29.587503
29.028435
29.179159
28.447868
29.502489
28.458555
29.530815
28.727247
28.949884
28.893824
29.210409
28.509693
29.650805
29.156651
28.972383
28.910759
29.505718
29.012754
29.422832
28.536264
29.059380
28.362331
29.218622
28.537930
29.145657
28.545547
29.415831
28.582367
28.905691
28.986643
29.206707
28.672995
29.601746
28.632336
28.911520
29.184933
28.928570
28.796129
29.401993
28.550732
29.530962
29.138748
28.916670
28.248459
29.225281
28.935469
28.897654
28.379448
29.059361
28.759010
28.945534
29.176815
29.256357
28.256330
29.072153
28.441034
29.668489
28.784939
29.066048
28.642553
29.033648
28.958351
28.951635
28.665733
29.114733
29.216911
29.133839
29.169403
29.131821
28.283581
28.997944
29.042120
29.069550
28.486628
29.625607
28.661961
29.472355
28.825588
29.723259
28.670019
29.681219
29.133291
29.045807
28.440289
29.493580
28.616632
29.213634
28.392992
29.250961
28.653814
28.773952
28.770853
29.701235
28.905333
28.852917
28.497520
29.227432
28.584225
29.698656
28.685900
29.513533
28.918793
29.726435
29.245386
28.956554
29.088995
28.980124
29.211849
29.221443
28.340885
29.457684
28.843525
29.234365
29.193388
29.217413
28.360291
28.946968
28.693148
29.356018
28.885832
29.602882
28.278114
29.599827
28.499397
29.372295
29.130661
29.443838
28.750126
29.167088
28.846260
29.587950
28.350481
29.250784
28.443356
29.747313
29.154408
29.069166
29.168234
29.687634
28.725296
29.273062
29.124939
29.595295
28.630136
29.583729
28.381916
29.448097
28.941631
29.541176
28.540714
29.479324
28.873716
28.892792
28.452517
29.474731
28.875387
28.798922
28.699728
29.640543
28.391632
29.571411
28.630985
29.271095
28.953423
29.722752
28.335793
28.954409
28.985600
29.016611
28.662661
29.381081
28.474169
29.303526
28.809254
29.268911
28.403376
29.739584
29.094864
29.372126
29.057981
29.307573
28.531986
29.368433
28.344217
29.720854
29.111420
29.310074
28.516972
29.524635
28.792704
29.292263
28.868904
28.995588
28.277557
28.777205
28.697624
29.494463
28.581793
29.512348
28.482973
29.698036
28.570169
28.945131
28.856745
29.178518
28.498348
29.610676
28.737659
29.096169
29.209011
29.115908
29.193184
28.901396
28.708302
29.466137
28.881979
29.550817
28.407316
29.304440
29.200748
29.678659
29.188770
28.831497
29.130632
29.706799
29.036074
29.011429
28.668112
28.769384
28.561604
29.332840
28.634727
29.660879
28.614639
29.071255
28.683310
29.279636
28.274284
29.563662
28.273834
29.509710
28.328199
29.304316
28.668997
29.137875
28.544252
29.439331
28.589405
28.986174
28.300562
28.784584
29.042376
29.621101
28.410387
29.486727
28.690256
28.759279
28.752609
28.779917
28.372326
29.417356
28.623541
28.860708
29.191933
29.182140
29.139341
29.241516
28.265978
29.263529
28.282415
29.125738
28.981724
28.756275
29.183645
28.921089
28.689018
29.237700
28.430168
29.290655
29.180321
28.879744
28.674553
29.266531
29.218912
29.382046
28.515347
29.239147
28.627834
28.996555
28.766649
29.132599
28.491125
29.533377
28.703739
29.308542
28.531860
28.968874
28.544579
28.912094
29.000498
29.029966
29.036957
28.778067
28.499569
29.241421
28.927299
29.487038
28.979351
29.104868
29.079479
29.332302
28.836727
29.582901
28.771614
28.909948
29.024168
29.053108
28.444061
29.491068
28.840830
28.975000
28.341539
28.951704
28.717484
28.769135
28.705013
29.173450
28.637646
29.688198
28.486382
28.946524
28.773092
29.336826
29.065838
28.925934
28.795414
29.439947
28.598003
29.222996
28.683254
28.877600
28.328600
29.695158
29.042439
29.140657
29.216534
28.804520
28.321846
28.971930
29.204273
29.059504
29.033833
28.901793
29.126135
29.712475
28.351952
28.962807
28.876158
29.411949
28.276356
29.212566
28.874821
29.247665
28.393467
29.349504
28.352493
29.362579
29.143490
28.783312
28.624193
28.844164
28.320892
29.421848
28.699970
28.880798
28.621435
29.234365
28.345484
29.458075
28.936659
29.101839
28.451618
29.440628
28.963823
29.629885
28.954760
29.329311
28.516054
29.237854
28.819988
28.957500
28.447048
29.702829
28.908928
29.296631
29.203516
28.899891
29.097923
29.015394
28.799492
29.414911
28.354361
28.795055
28.730415
28.851587
28.386593
28.756977
29.235987
29.391323
28.855743
28.755651
28.321457
29.479544
29.231094
29.246275
28.375248
29.549990
28.640444
29.365171
28.612986
29.686415
28.260881
29.598372
29.138231
29.406933
28.912680
28.818384
29.053160
29.418667
29.027899
29.079992
28.561161
28.897905
29.210058
29.337616
28.714870
29.587772
28.702456
29.237770
28.410872
29.599813
29.042320
29.322838
28.951160
29.144886
28.641479
29.147354
29.089893
29.169397
28.543371
28.888145
28.766079
28.999146
28.897097
29.074371
29.116652
29.396667
28.327417
29.019604
28.696045
29.022785
28.624403
29.305317
28.450434
28.779398
29.216761
29.017197
28.378494
29.216524
28.488291
29.348709
29.200115
29.529064
28.699917
29.571259
28.948191
29.498636
28.999216
29.052038
28.513700
29.208603
28.734013
29.478451
28.477175
29.153248
29.220901
29.335558
28.482365
29.713697
28.648321
29.343393
29.114033
28.934256
28.881016
29.328047
29.052763
28.890327
28.997484
29.664433
28.298784
29.205276
28.554668
29.705853
28.640486
28.984465
28.939541
29.650471
28.404922
28.931971
28.806055
29.445805
29.031702
29.410744
28.939941
29.268997
29.127888
29.523561
28.250139
29.484741
28.883999
28.944584
29.032097
29.642263
28.414814
29.488108
29.069286
28.844837
28.505075
28.895327
28.565790
29.448893
28.873629
29.141386
28.436901
28.779543
28.330364
28.909590
28.554213
29.564632
28.361120
28.955046
29.221684
29.296543
28.290495
28.936926
28.591227
29.315115
28.593304
29.353773
28.317659
29.116255
29.092474
28.775637
28.812729
29.380865
28.628040
29.369404
28.370827
29.341635
29.092850
29.282757
28.899412
28.914080
28.289404
29.288071
28.636202
29.020235
28.665203
29.140514
28.371172
29.416931
29.092323
29.614088
28.687315
28.889620
28.469318
29.229389
29.005281
29.626595
28.646357
29.666897
28.554026
28.776382
28.718037
29.462309
28.673309
28.853573
28.900606
28.993931
28.658419
29.133236
28.290962
29.261616
28.741129
29.356079
29.037910
29.435190
28.945143
29.576313
28.363503
29.517540
29.152895
29.567593
29.073809
29.406572
28.680109
29.625114
29.137466
29.032463
29.009975
29.031229
28.646551
29.404972
28.913025
29.020023
28.254940
29.078489
29.143711
29.226488
28.442638
29.714897
28.407902
28.858969
28.461775
29.189114
28.515007
29.284786
28.921795
29.518404
28.906076
28.876497
28.311026
29.334003
28.836102
29.437405
28.428585
29.166639
28.727346
29.147007
29.152073
29.426022
28.791496
29.593790
28.635599
29.313263
28.885654
29.467842
28.379780
29.416565
28.597368
29.259773
29.241306
29.627592
28.687054
28.922924
28.345753
29.271358
28.294786
29.615692
29.212374
29.237209
28.353748
29.059858
28.741930
29.714561
28.565428
29.130402
28.635782
29.540535
28.767626
28.927113
29.047438
29.015779
28.298651
29.037758
28.795460
29.374205
29.215054
29.647884
29.145519
29.061430
28.571815
29.282829
29.184860
29.295584
28.521856
28.831015
28.656200
29.676668
28.713299
29.231028
29.224428
29.423115
28.274326
29.161612
28.668480
28.895943
28.649908
29.213041
29.237167
29.552402
28.966354
29.093466
28.465246
29.342558
28.719593
29.452454
28.413851
29.148651
29.181601
28.873175
28.768339
28.855524
29.182920
29.018164
28.812223
28.944260
29.189018
29.166285
29.042894
29.597958
28.317459
29.471659
29.161011
29.184639
29.165609
28.957842
29.061962
29.117346
29.116964
29.430119
28.941109
29.472918
28.647137
29.549541
28.383076
29.217669
28.432943
29.196995
28.544674
29.701717
28.674480
29.409380
28.707958
29.746471
28.897268
29.519262
28.786001
29.733654
28.866413
28.888319
28.665728
29.715172
29.030350
29.457775
28.528835
29.050455
29.054085
29.704906
29.221594
29.352116
28.863001
29.722387
29.098591
28.847288
28.974270
28.979641
29.076630
29.503819
28.842014
29.447153
28.356121
29.339315
29.192476
28.937399
28.730631
29.298082
28.395927
29.007782
28.711544
29.224670
28.825712
29.090961
29.134157
28.774471
28.791409
29.112173
28.954266
29.322884
28.730742
29.325964
28.784830
28.820156
28.879547
29.440424
28.918043
29.042057
29.104439
29.411247
28.962831
28.979921
28.642378
29.666918
28.778614
29.508537
28.485117
29.735880
28.693577
29.215853
28.619007
28.929367
28.556406
29.045958
28.339476
29.664593
28.877956
28.821697
28.971640
28.882128
