-0.024680
-0.024680
-0.024680
-0.024680
-0.024680
-0.024680
-0.024680
-0.106597
-0.098851
-0.091857
-0.085540
-0.079833
-0.074673
-0.147497
-0.135744
-0.125147
-0.115590
-0.106967
-0.176044
-0.161474
-0.148344
-0.136508
-0.125836
-0.192868
-0.176634
-0.162006
-0.148823
-0.213432
-0.195160
-0.178699
-0.163867
-0.226914
-0.207304
-0.189639
-0.173725
-0.235756
-0.215268
-0.196813
-0.180188
-0.241556
-0.220491
-0.201519
-0.184427
-0.245360
-0.223918
-0.204605
-0.187208
-0.247856
-0.226166
-0.206630
-0.265298
-0.241873
-0.220777
-0.278008
-0.253319
-0.231085
-0.287271
-0.261660
-0.238597
-0.294024
-0.267740
-0.244073
-0.298945
-0.272172
-0.248064
-0.302533
-0.275403
-0.250973
-0.305149
-0.277758
-0.253094
-0.307055
-0.279475
-0.254640
-0.308445
-0.280726
-0.255766
-0.309458
-0.281638
-0.256588
-0.310197
-0.282303
-0.257187
-0.310735
-0.282788
-0.257623
-0.311128
-0.283142
-0.257942
-0.311414
-0.283399
-0.258174
-0.311623
-0.283587
-0.258343
-0.311775
-0.283724
-0.258466
-0.311886
-0.283824
-0.258556
-0.311966
-0.283897
-0.258621
-0.312025
-0.283950
-0.258669
-0.312068
-0.283988
-0.258704
-0.312100
-0.284016
-0.258729
-0.312122
-0.284037
-0.334880
-0.304527
-0.353310
-0.321120
-0.368235
-0.334558
-0.380323
-0.345441
-0.390114
-0.354255
-0.398044
-0.361394
-0.404467
-0.367176
-0.409669
-0.371859
-0.413883
-0.375653
-0.417296
-0.378725
-0.420061
-0.381214
-0.422300
-0.383230
-0.424114
-0.384863
-0.425583
-0.386185
-0.426773
-0.387257
-0.427737
-0.388124
-0.428518
-0.388827
-0.429150
-0.389396
-0.429662
-0.389858
-0.430077
-0.390231
-0.430413
-0.390534
-0.430685
-0.390779
-0.430906
-0.390977
-0.431085
-0.391138
-0.431229
-0.391268
-0.431347
-0.391374
-0.431441
-0.391459
-0.431518
-0.391529
-0.431581
-0.391585
-0.431631
-0.391630
-0.431672
-0.391667
-0.431705
-0.391697
-0.431732
-0.391721
-0.431754
-0.391740
-0.431771
-0.391756
-0.431785
-0.391769
-0.431797
-0.391779
-0.431806
-0.391788
-0.431814
-0.391794
-0.431820
-0.391800
-0.431825
-0.391804
-0.431829
-0.391808
-0.431832
-0.391811
-0.431835
-0.391813
-0.431837
-0.391815
-0.431839
-0.391817
-0.431840
-0.391818
-0.431841
-0.391819
-0.431842
-0.391820
-0.431843
-0.391821
-0.431843
-0.391821
-0.431844
-0.391822
-0.431844
-0.391822
-0.431845
-0.391822
-0.431845
-0.391823
-0.431845
-0.391823
-0.431845
-0.391823
-0.431845
-0.391823
-0.431846
-0.391823
-0.431846
-0.391823
-0.431846
-0.391823
-0.431846
-0.391823
-0.431846
-0.391823
-0.431846
-0.391823
-0.431846
-0.391823
-0.431846
-0.391824
-0.431846
-0.391824
-0.431846
-0.391824
-0.431846
-0.391824
-0.431846
-0.391824
-0.431846
-0.391824
-0.431846
-0.391824
-0.431846
-0.391824
-0.431846
-0.391824
-0.431846
-0.391824
-0.431846
-0.391824
-0.431846
-0.391824
-0.431846
-0.391824
-0.431846
-0.391824
-0.431846
-0.391824
-0.431846
-0.391824
-0.431846
-0.391824
-0.431846
-0.391824
-0.431846
-0.391824
-0.431846
-0.391824
-0.431846
-0.391824
-0.431846
-0.391824
-0.431846
-0.391824
-0.431846
-0.391824
-0.431846
-0.391824
-0.431846
-0.391824
-0.431846
-0.391824
-0.431846
-0.391824
-0.431846
-0.391824
-0.431846
-0.391824
-0.431846
-0.391824
-0.431846
-0.391824
-0.431846
-0.391824
-0.431846
-0.391824
-0.431846
-0.391824
-0.431846
-0.391824
-0.431846
-0.391824
-0.431846
-0.391824
-0.431846
-0.391824
-0.431846
-0.391824
-0.431846
-0.391824
-0.431846
-0.391824
-0.431846
-0.391824
-0.431846
-0.391824
-0.431846
-0.391824
-0.431846
-0.391824
-0.431846
-0.391824
-0.431846
-0.391824
-0.431846
-0.391824
-0.431846
-0.391824
-0.431846
-0.391824
-0.431846
-0.391824
-0.431846
-0.391824
-0.431846
-0.391824
-0.431846
-0.391824
-0.431846
-0.391824
-0.431846
-0.391824
-0.431846
-0.391824
-0.431846
-0.391824
-0.431846
-0.391824
-0.431846
-0.391824
-0.431846
-0.391824
-0.431846
-0.391824
-0.431846
-0.391824
-0.431846
-0.391824
-0.431846
-0.391824
-0.431846
-0.391824
-0.431846
-0.391824
-0.431846
-0.391824
-0.431846
-0.391824
-0.431846
-0.391824
-0.431846
-0.391824
-0.431846
-0.391824
-0.431846
-0.391824
-0.431846
-0.391824
-0.431846
-0.391824
-0.431846
-0.391824
-0.431846
-0.391824
-0.431846
-0.391824
-0.431846
-0.391824
-0.431846
-0.391824
-0.431846
-0.391824
-0.431846
-0.391824
-0.431846
-0.391824
-0.431846
-0.391824
-0.431846
-0.391824
-0.431846
-0.391824
-0.431846
-0.391824
-0.431846
-0.391824
-0.431846
-0.391824
-0.431846
-0.391824
-0.431846
-0.391824
-0.431846
-0.391824
-0.431846
-0.391824
-0.431846
-0.391824
-0.431846
-0.391824
-0.431846
-0.391824
-0.431846
-0.391824
-0.431846
-0.391824
-0.431846
-0.391824
-0.431846
-0.391824
-0.431846
-0.391824
-0.431846
-0.391824
-0.431846
-0.391824
-0.431846
-0.391824
-0.431846
-0.391824
-0.431846
-0.391824
-0.431846
-0.391824
-0.431846
-0.391824
-0.431846
-0.391824
-0.431846
-0.391824
-0.431846
-0.391824
-0.431846
-0.391824
-0.431846
-0.391824
-0.431846
-0.391824
-0.431846
-0.391824
-0.431846
-0.391824
-0.431846
-0.391824
-0.431846
-0.391824
-0.431846
-0.391824
-0.431846
-0.391824
-0.431846
-0.391824
-0.431846
-0.391824
-0.431846
-0.391824
-0.431846
-0.391824
-0.431846
-0.391824
-0.431846
-0.391824
-0.431846
-0.391824
-0.431846
-0.391824
-0.431846
-0.391824
-0.431846
-0.391824
-0.431846
-0.391824
-0.431846
-0.391824
-0.431846
-0.391824
-0.431846
-0.391824
-0.431846
-0.391824
-0.431846
-0.391824
-0.431846
-0.391824
-0.431846
-0.391824
-0.431846
-0.391824
-0.431846
-0.391824
-0.431846
-0.391824
-0.431846
-0.391824
-0.431846
-0.391824
-0.431846
-0.391824
-0.431846
-0.391824
-0.431846
-0.391824
-0.431846
-0.391824
-0.431846
-0.391824
-0.431846
-0.391824
-0.431846
-0.391824
-0.431846
-0.391824
-0.431846
-0.391824
-0.431846
-0.391824
-0.431846
-0.391824
-0.431846
-0.391824
-0.431846
-0.391824
-0.431846
-0.391824
-0.431846
-0.391824
-0.431846
-0.391824
-0.431846
-0.391824
-0.431846
-0.391824
-0.431846
-0.391824
-0.431846
-0.391824
-0.431846
-0.391824
-0.431846
-0.391824
-0.431846
-0.391824
-0.431846
-0.391824
-0.431846
-0.391824
-0.431846
-0.391824
-0.431846
-0.391824
-0.431846
-0.391824
-0.431846
-0.391824
-0.431846
-0.391824
-0.431846
-0.391824
-0.431846
-0.391824
-0.431846
-0.391824
-0.431846
-0.391824
-0.431846
-0.391824
-0.431846
-0.391824
-0.431846
-0.391824
-0.431846
-0.391824
-0.431846
-0.391824
-0.431846
-0.391824
-0.431846
-0.391824
-0.431846
-0.391824
-0.431846
-0.391824
-0.431846
-0.391824
-0.431846
-0.391824
-0.431846
-0.391824
-0.431846
-0.391824
-0.431846
-0.391824
-0.431846
-0.391824
-0.431846
-0.391824
-0.431846
-0.391824
-0.431846
-0.391824
-0.431846
-0.391824
-0.431846
-0.391824
-0.431846
-0.391824
-0.431846
-0.391824
-0.431846
-0.391824
-0.431846
-0.391824
-0.431846
-0.391824
-0.431846
-0.391824
-0.431846
-0.391824
-0.431846
-0.391824
-0.431846
-0.391824
-0.431846
-0.391824
-0.431846
-0.391824
-0.431846
-0.391824
-0.431846
-0.391824
-0.431846
-0.391824
-0.431846
-0.391824
-0.431846
-0.391824
-0.431846
-0.391824
-0.431846
-0.391824
-0.431846
-0.391824
-0.431846
-0.391824
-0.431846
-0.391824
-0.431846
-0.391824
-0.431846
-0.391824
-0.431846
-0.391824
-0.431846
-0.391824
-0.431846
-0.391824
-0.431846
-0.391824
-0.431846
-0.391824
-0.431846
-0.391824
-0.431846
-0.391824
-0.431846
-0.391824
-0.431846
-0.391824
-0.431846
-0.391824
-0.431846
-0.391824
-0.431846
-0.391824
-0.431846
-0.391824
-0.431846
-0.391824
-0.431846
-0.391824
-0.431846
-0.391824
-0.431846
-0.391824
-0.431846
-0.391824
-0.431846
-0.391824
-0.431846
-0.391824
-0.431846
-0.391824
-0.431846
-0.391824
-0.431846
-0.391824
-0.431846
-0.391824
-0.431846
-0.391824
-0.431846
-0.391824
-0.431846
-0.391824
-0.431846
-0.391824
-0.431846
-0.391824
-0.431846
-0.391824
-0.431846
-0.391824
-0.431846
-0.391824
-0.431846
-0.391824
-0.431846
-0.391824
-0.431846
-0.391824
-0.431846
-0.391824
-0.431846
-0.391824
-0.431846
-0.391824
-0.431846
-0.391824
-0.431846
-0.391824
-0.431846
-0.391824
-0.431846
-0.391824
-0.431846
-0.391824
-0.431846
-0.391824
-0.431846
-0.391824
-0.431846
-0.391824
-0.431846
-0.391824
-0.431846
-0.391824
-0.431846
-0.391824
-0.431846
-0.391824
-0.431846
-0.391824
-0.431846
-0.391824
-0.431846
-0.391824
-0.431846
-0.391824
-0.431846
-0.391824
-0.431846
-0.391824
-0.431846
-0.391824
-0.431846
-0.391824
-0.431846
-0.391824
-0.431846
-0.391824
-0.431846
-0.391824
-0.431846
-0.391824
-0.431846
-0.391824
-0.431846
-0.391824
-0.431846
-0.391824
-0.431846
-0.391824
-0.431846
-0.391824
-0.431846
-0.391824
-0.431846
-0.391824
-0.431846
-0.391824
-0.431846
-0.391824
-0.431846
-0.391824
-0.431846
-0.391824
-0.431846
-0.391824
-0.431846
-0.391824
-0.431846
-0.391824
-0.431846
-0.391824
-0.431846
-0.391824
-0.431846
-0.391824
-0.431846
-0.391824
-0.431846
-0.391824
-0.431846
-0.391824
-0.431846
-0.391824
-0.431846
-0.391824
-0.431846
-0.391824
-0.431846
-0.391824
-0.431846
-0.391824
-0.431846
-0.391824
-0.431846
-0.391824
-0.431846
-0.391824
-0.431846
-0.391824
-0.431846
-0.391824
-0.431846
-0.391824
-0.431846
-0.391824
-0.431846
-0.391824
-0.431846
-0.391824
-0.431846
-0.391824
-0.431846
-0.391824
-0.431846
-0.391824
-0.431846
-0.391824
-0.431846
-0.391824
-0.431846
-0.391824
-0.431846
-0.391824
-0.431846
-0.391824
-0.431846
-0.391824
-0.431846
-0.391824
-0.431846
-0.391824
-0.431846
-0.391824
-0.431846
-0.391824
-0.431846
-0.391824
-0.431846
-0.391824
-0.431846
-0.391824
-0.431846
-0.391824
-0.431846
-0.391824
-0.431846
-0.391824
-0.431846
-0.391824
-0.431846
-0.391824
-0.431846
-0.391824
-0.431846
-0.391824
-0.431846
-0.391824
-0.431846
-0.391824
-0.431846
-0.391824
-0.431846
-0.391824
-0.431846
-0.391824
-0.431846
-0.391824
-0.431846
-0.391824
-0.431846
-0.391824
-0.431846
-0.391824
-0.431846
-0.391824
-0.431846
-0.391824
-0.431846
-0.391824
-0.431846
-0.391824
-0.431846
-0.391824
-0.431846
-0.391824
-0.431846
-0.391824
-0.431846
-0.391824
-0.431846
-0.391824
-0.431846
-0.391824
-0.431846
-0.391824
-0.431846
-0.391824
-0.431846
-0.391824
-0.431846
-0.391824
-0.431846
-0.391824
-0.431846
-0.391824
-0.431846
-0.391824
-0.431846
-0.391824
-0.431846
-0.391824
-0.431846
-0.391824
-0.431846
-0.391824
-0.431846
-0.391824
-0.431846
-0.391824
-0.431846
-0.391824
-0.431846
-0.391824
-0.431846
-0.391824
-0.431846
-0.391824
-0.431846
-0.391824
-0.431846
-0.391824
-0.431846
-0.391824
-0.431846
-0.391824
-0.431846
-0.391824
-0.431846
-0.391824
-0.431846
-0.391824
-0.431846
-0.391824
-0.431846
-0.391824
-0.431846
-0.391824
-0.431846
-0.391824
-0.431846
-0.391824
-0.431846
-0.391824
-0.431846
-0.391824
-0.431846
-0.391824
-0.431846
-0.391824
-0.431846
-0.391824
-0.431846
-0.391824
-0.431846
-0.391824
-0.431846
-0.391824
-0.431846
-0.391824
-0.431846
-0.391824
-0.431846
-0.391824
-0.431846
-0.391824
-0.431846
-0.391824
-0.431846
-0.391824
-0.431846
-0.391824
-0.431846
-0.391824
-0.431846
-0.391824
-0.431846
-0.391824
-0.431846
-0.391824
-0.431846
-0.391824
-0.431846
-0.391824
-0.431846
-0.391824
-0.431846
-0.391824
-0.431846
-0.391824
-0.431846
-0.391824
-0.431846
-0.391824
-0.431846
-0.391824
-0.431846
-0.391824
-0.431846
-0.391824
-0.431846
-0.391824
-0.431846
-0.391824
-0.431846
-0.391824
-0.431846
-0.391824
-0.431846
-0.391824
-0.431846
-0.391824
-0.431846
-0.391824
-0.431846
-0.391824
-0.431846
-0.391824
-0.431846
-0.391824
-0.431846
-0.391824
-0.431846
-0.391824
-0.431846
-0.391824
-0.431846
-0.391824
-0.431846
-0.391824
-0.431846
-0.391824
-0.431846
-0.391824
-0.431846
-0.391824
-0.431846
-0.391824
-0.431846
-0.391824
-0.431846
-0.391824
-0.431846
-0.391824
-0.431846
-0.391824
-0.431846
-0.391824
-0.431846
-0.391824
-0.431846
-0.391824
-0.431846
-0.391824
-0.431846
-0.391824
-0.431846
-0.391824
-0.431846
-0.391824
-0.431846
-0.391824
-0.431846
-0.391824
-0.431846
-0.391824
-0.431846
-0.391824
-0.431846
-0.391824
-0.431846
-0.391824
-0.431846
-0.391824
-0.431846
-0.391824
-0.431846
-0.391824
-0.431846
-0.391824
-0.431846
-0.391824
-0.431846
-0.391824
-0.431846
-0.391824
-0.431846
-0.391824
-0.431846
-0.391824
-0.431846
-0.391824
-0.431846
-0.391824
-0.431846
-0.391824
-0.431846
-0.391824
-0.431846
-0.391824
-0.431846
-0.391824
-0.431846
-0.391824
-0.431846
-0.391824
-0.431846
-0.391824
-0.431846
-0.391824
-0.431846
-0.391824
-0.431846
-0.391824
-0.431846
-0.391824
-0.431846
-0.391824
-0.431846
-0.391824
-0.431846
-0.391824
-0.431846
-0.391824
-0.431846
-0.391824
-0.431846
-0.391824
-0.431846
-0.391824
-0.431846
-0.391824
-0.431846
-0.391824
-0.431846
-0.391824
-0.431846
-0.391824
-0.431846
-0.391824
-0.431846
-0.391824
-0.431846
-0.391824
-0.431846
-0.391824
-0.431846
-0.391824
-0.431846
-0.391824
-0.431846
-0.391824
-0.431846
-0.391824
-0.431846
-0.391824
-0.431846
-0.391824
-0.431846
-0.391824
-0.431846
-0.391824
-0.431846
-0.391824
-0.431846
-0.391824
-0.431846
-0.391824
-0.431846
-0.391824
-0.431846
-0.391824
-0.431846
-0.391824
-0.431846
-0.391824
-0.431846
-0.391824
-0.431846
-0.391824
-0.431846
-0.391824
-0.431846
-0.391824
-0.431846
-0.391824
-0.431846
-0.391824
-0.431846
-0.391824
-0.431846
-0.391824
-0.431846
-0.391824
-0.431846
-0.391824
-0.431846
-0.391824
-0.431846
-0.391824
-0.431846
-0.391824
-0.431846
-0.391824
-0.431846
-0.391824
-0.431846
-0.391824
-0.431846
-0.391824
-0.431846
-0.391824
-0.431846
-0.391824
-0.431846
-0.391824
-0.431846
-0.391824
-0.431846
-0.391824
-0.431846
-0.391824
-0.431846
-0.391824
-0.431846
-0.391824
-0.431846
-0.391824
-0.431846
-0.391824
-0.431846
-0.391824
-0.431846
-0.391824
-0.431846
-0.391824
-0.431846
-0.391824
-0.431846
-0.391824
-0.431846
-0.391824
-0.431846
-0.391824
-0.431846
-0.391824
-0.431846
-0.391824
-0.431846
-0.391824
-0.431846
-0.391824
-0.431846
-0.391824
-0.431846
-0.391824
-0.431846
-0.391824
-0.431846
-0.391824
-0.431846
-0.391824
-0.431846
-0.391824
-0.431846
-0.391824
-0.431846
-0.391824
-0.431846
-0.391824
-0.431846
-0.391824
-0.431846
-0.391824
-0.431846
-0.391824
-0.431846
-0.391824
-0.431846
-0.391824
-0.431846
-0.391824
-0.431846
-0.391824
-0.431846
-0.391824
-0.431846
-0.391824
-0.431846
-0.391824
-0.431846
-0.391824
-0.431846
-0.391824
-0.431846
-0.391824
-0.431846
-0.391824
-0.431846
-0.391824
-0.431846
-0.391824
-0.431846
-0.391824
-0.431846
-0.391824
-0.431846
-0.391824
-0.431846
-0.391824
-0.431846
-0.391824
-0.431846
-0.391824
-0.431846
-0.391824
-0.431846
-0.391824
-0.431846
-0.391824
-0.431846
-0.391824
-0.431846
-0.391824
-0.431846
-0.391824
-0.431846
-0.391824
-0.431846
-0.391824
-0.431846
-0.391824
-0.431846
-0.391824
-0.431846
-0.391824
-0.431846
-0.391824
-0.431846
-0.391824
-0.431846
-0.391824
-0.431846
-0.391824
-0.431846
-0.391824
-0.431846
-0.391824
-0.431846
-0.391824
-0.431846
-0.391824
-0.431846
-0.391824
-0.431846
-0.391824
-0.431846
-0.391824
-0.431846
-0.391824
-0.431846
-0.391824
-0.431846
-0.391824
-0.431846
-0.391824
-0.431846
-0.391824
-0.431846
-0.391824
-0.431846
-0.391824
-0.431846
-0.391824
-0.431846
-0.391824
-0.431846
-0.391824
-0.431846
-0.391824
-0.431846
-0.391824
-0.431846
-0.391824
-0.431846
-0.391824
-0.431846
-0.391824
-0.431846
-0.391824
-0.431846
-0.391824
-0.431846
-0.391824
-0.431846
-0.391824
-0.431846
-0.391824
-0.431846
-0.391824
-0.431846
-0.391824
-0.431846
-0.391824
-0.431846
-0.391824
-0.431846
-0.391824
-0.431846
-0.391824
-0.431846
-0.391824
-0.431846
-0.391824
-0.431846
-0.391824
-0.431846
-0.391824
-0.431846
-0.391824
-0.431846
-0.391824
-0.431846
-0.391824
-0.431846
-0.391824
-0.431846
-0.391824
-0.431846
-0.391824
-0.431846
-0.391824
-0.431846
-0.391824
-0.431846
-0.391824
-0.431846
-0.391824
-0.431846
-0.391824
-0.431846
-0.391824
-0.431846
-0.391824
-0.431846
-0.391824
-0.431846
-0.391824
-0.431846
-0.391824
-0.431846
-0.391824
-0.431846
-0.391824
-0.431846
-0.391824
-0.431846
-0.391824
-0.431846
-0.391824
-0.431846
-0.391824
-0.431846
-0.391824
-0.431846
-0.391824
-0.431846
-0.391824
-0.431846
-0.391824
-0.431846
-0.391824
-0.431846
-0.391824
-0.431846
-0.391824
-0.431846
-0.391824
-0.431846
-0.391824
-0.431846
-0.391824
-0.431846
-0.391824
-0.431846
-0.391824
-0.431846
-0.391824
-0.431846
-0.391824
-0.431846
-0.391824
-0.431846
-0.391824
-0.431846
-0.391824
-0.431846
-0.391824
-0.431846
-0.391824
-0.431846
-0.391824
-0.431846
-0.391824
-0.431846
-0.391824
-0.431846
-0.391824
-0.431846
-0.391824
-0.431846
-0.391824
-0.431846
-0.391824
-0.431846
-0.391824
-0.431846
-0.391824
-0.431846
-0.391824
-0.431846
-0.391824
-0.431846
-0.391824
-0.431846
-0.391824
-0.431846
-0.391824
-0.431846
-0.391824
-0.431846
-0.391824
-0.431846
-0.391824
-0.431846
-0.391824
-0.431846
-0.391824
-0.431846
-0.391824
-0.431846
-0.391824
-0.431846
-0.391824
-0.431846
-0.391824
-0.431846
-0.391824
-0.431846
-0.391824
-0.431846
-0.391824
-0.431846
-0.391824
-0.431846
-0.391824
-0.431846
-0.391824
-0.431846
-0.391824
-0.431846
-0.391824
-0.431846
-0.391824
-0.431846
-0.391824
-0.431846
-0.391824
-0.431846
-0.391824
-0.431846
-0.391824
-0.431846
-0.391824
-0.431846
-0.391824
-0.431846
-0.391824
-0.431846
-0.391824
-0.431846
-0.391824
-0.431846
-0.391824
-0.431846
-0.391824
-0.431846
-0.391824
-0.431846
-0.391824
-0.431846
-0.391824
-0.431846
-0.391824
-0.431846
-0.391824
-0.431846
-0.391824
-0.431846
-0.391824
-0.431846
-0.391824
-0.431846
-0.391824
-0.431846
-0.391824
-0.431846
-0.391824
-0.431846
-0.391824
-0.431846
-0.391824
-0.431846
-0.391824
-0.431846
-0.391824
-0.431846
-0.391824
-0.431846
-0.391824
-0.431846
-0.391824
-0.431846
-0.391824
-0.431846
-0.391824
-0.431846
-0.391824
-0.431846
-0.391824
-0.431846
-0.391824
-0.431846
-0.391824
-0.431846
-0.391824
-0.431846
-0.391824
-0.431846
-0.391824
-0.431846
-0.391824
-0.431846
-0.391824
-0.431846
-0.391824
-0.431846
-0.391824
-0.431846
-0.391824
-0.431846
-0.391824
-0.431846
-0.391824
-0.431846
-0.391824
-0.431846
-0.391824
-0.431846
-0.391824
-0.431846
-0.391824
-0.431846
-0.391824
-0.431846
-0.391824
-0.431846
-0.391824
-0.431846
-0.391824
-0.431846
-0.391824
-0.431846
-0.391824
-0.431846
-0.391824
-0.431846
-0.391824
-0.431846
-0.391824
-0.431846
-0.391824
-0.431846
-0.391824
-0.431846
-0.391824
-0.431846
-0.391824
-0.431846
-0.391824
-0.431846
-0.391824
-0.431846
-0.391824
-0.431846
-0.391824
-0.431846
-0.391824
-0.431846
-0.391824
-0.431846
-0.391824
-0.431846
-0.391824
-0.431846
-0.391824
-0.431846
-0.391824
-0.431846
-0.391824
-0.431846
-0.391824
-0.431846
-0.391824
-0.431846
-0.391824
-0.431846
-0.391824
-0.431846
-0.391824
-0.431846
-0.391824
-0.431846
-0.391824
-0.431846
-0.391824
-0.431846
-0.391824
-0.431846
-0.391824
-0.431846
-0.391824
-0.431846
-0.391824
-0.431846
-0.391824
-0.431846
-0.391824
-0.431846
-0.391824
-0.431846
-0.391824
-0.431846
-0.391824
-0.431846
-0.391824
-0.431846
-0.391824
-0.431846
-0.391824
-0.431846
-0.391824
-0.431846
-0.391824
-0.431846
-0.391824
-0.431846
-0.391824
-0.431846
-0.391824
-0.431846
-0.391824
-0.431846
-0.391824
-0.431846
-0.391824
-0.431846
-0.391824
-0.431846
-0.391824
-0.431846
-0.391824
-0.431846
-0.391824
-0.431846
-0.391824
-0.431846
-0.391824
-0.431846
-0.391824
-0.431846
-0.391824
-0.431846
-0.391824
-0.431846
-0.391824
-0.431846
-0.391824
-0.431846
-0.391824
-0.431846
-0.391824
-0.431846
-0.391824
-0.431846
-0.391824
-0.431846
-0.391824
-0.431846
-0.391824
-0.431846
-0.391824
-0.431846
-0.391824
-0.431846
-0.391824
-0.431846
-0.391824
-0.431846
-0.391824
-0.431846
-0.391824
-0.431846
-0.391824
-0.431846
-0.391824
-0.431846
-0.391824
-0.431846
-0.391824
-0.431846
-0.391824
-0.431846
-0.391824
-0.431846
-0.391824
-0.431846
-0.391824
-0.431846
-0.391824
-0.431846
-0.391824
-0.431846
-0.391824
-0.431846
-0.391824
-0.431846
-0.391824
-0.431846
-0.391824
-0.431846
-0.391824
-0.431846
-0.391824
-0.431846
-0.391824
-0.431846
-0.391824
-0.431846
-0.391824
-0.431846
-0.391824
-0.431846
-0.391824
-0.431846
-0.391824
-0.431846
-0.391824
-0.431846
-0.391824
-0.431846
-0.391824
-0.431846
-0.391824
-0.431846
-0.391824
-0.431846
-0.391824
-0.431846
-0.391824
-0.431846
-0.391824
-0.431846
-0.391824
-0.431846
-0.391824
-0.431846
-0.391824
-0.431846
-0.391824
-0.431846
-0.391824
-0.431846
-0.391824
-0.431846
-0.391824
-0.431846
-0.391824
-0.431846
-0.391824
-0.431846
-0.391824
-0.431846
-0.391824
-0.431846
-0.391824
-0.431846
-0.391824
-0.431846
-0.391824
-0.431846
-0.391824
-0.431846
-0.391824
-0.431846
-0.391824
-0.431846
-0.391824
-0.431846
-0.391824
-0.431846
-0.391824
-0.431846
-0.391824
-0.431846
-0.391824
-0.431846
-0.391824
-0.431846
-0.391824
-0.431846
-0.391824
-0.431846
-0.391824
-0.431846
-0.391824
-0.431846
-0.391824
-0.431846
-0.391824
-0.431846
-0.391824
-0.431846
-0.391824
-0.431846
-0.391824
-0.431846
-0.391824
-0.431846
-0.391824
-0.431846
-0.391824
-0.431846
-0.391824
-0.431846
-0.391824
-0.431846
-0.391824
-0.431846
-0.391824
-0.431846
-0.391824
-0.431846
-0.391824
-0.431846
-0.391824
-0.431846
-0.391824
-0.431846
-0.391824
-0.431846
-0.391824
-0.431846
-0.391824
-0.431846
-0.391824
-0.431846
-0.391824
-0.431846
-0.391824
-0.431846
-0.391824
-0.431846
-0.391824
-0.431846
-0.391824
-0.431846
-0.391824
-0.431846
-0.391824
-0.431846
-0.391824
-0.431846
-0.391824
-0.431846
-0.391824
-0.431846
-0.391824
-0.431846
-0.391824
-0.431846
-0.391824
-0.431846
-0.391824
-0.431846
-0.391824
-0.431846
-0.391824
-0.431846
-0.391824
-0.431846
-0.391824
-0.431846
-0.391824
-0.431846
-0.391824
-0.431846
-0.391824
-0.431846
-0.391824
-0.431846
-0.391824
-0.431846
-0.391824
-0.431846
-0.391824
-0.431846
-0.391824
-0.431846
-0.391824
-0.431846
-0.391824
-0.431846
-0.391824
-0.431846
-0.391824
-0.431846
-0.391824
-0.431846
-0.391824
-0.431846
-0.391824
-0.431846
-0.391824
-0.431846
-0.391824
-0.431846
-0.391824
-0.431846
-0.391824
-0.431846
-0.391824
-0.431846
-0.391824
-0.431846
-0.391824
-0.431846
-0.391824
-0.431846
-0.391824
-0.431846
-0.391824
-0.431846
-0.391824
-0.431846
-0.391824
-0.431846
-0.391824
-0.431846
-0.391824
-0.431846
-0.391824
-0.431846
-0.391824
-0.431846
-0.391824
-0.431846
-0.391824
-0.431846
-0.391824
-0.431846
-0.391824
-0.431846
-0.391824
-0.431846
-0.391824
-0.431846
-0.391824
-0.431846
-0.391824
-0.431846
-0.391824
-0.431846
-0.391824
-0.431846
-0.391824
-0.431846
-0.391824
-0.431846
-0.391824
-0.431846
-0.391824
-0.431846
-0.391824
-0.431846
-0.391824
-0.431846
-0.391824
-0.431846
-0.391824
-0.431846
-0.391824
-0.431846
-0.391824
-0.431846
-0.391824
-0.431846
-0.391824
-0.431846
-0.391824
-0.431846
-0.391824
-0.431846
-0.391824
-0.431846
-0.391824
-0.431846
-0.391824
-0.431846
-0.391824
-0.431846
-0.391824
-0.431846
-0.391824
-0.431846
-0.391824
-0.431846
-0.391824
-0.431846
-0.391824
-0.431846
-0.391824
-0.431846
-0.391824
-0.431846
-0.391824
-0.431846
-0.391824
-0.431846
-0.391824
-0.431846
-0.391824
-0.431846
-0.391824
-0.431846
-0.391824
-0.431846
-0.391824
-0.431846
-0.391824
-0.431846
-0.391824
-0.431846
-0.391824
-0.431846
-0.391824
-0.431846
-0.391824
-0.431846
-0.391824
-0.431846
-0.391824
-0.431846
-0.391824
-0.431846
-0.391824
-0.431846
-0.391824
-0.431846
-0.391824
-0.431846
-0.391824
-0.431846
-0.391824
-0.431846
-0.391824
-0.431846
-0.391824
-0.431846
-0.391824
-0.431846
-0.391824
-0.431846
-0.391824
-0.431846
-0.391824
-0.431846
-0.391824
-0.431846
-0.391824
-0.431846
-0.391824
-0.431846
-0.391824
-0.431846
-0.391824
-0.431846
-0.391824
-0.431846
-0.391824
-0.431846
-0.391824
-0.431846
-0.391824
-0.431846
-0.391824
-0.431846
-0.391824
-0.431846
-0.391824
-0.431846
-0.391824
-0.431846
-0.391824
-0.431846
-0.391824
-0.431846
-0.391824
-0.431846
-0.391824
-0.431846
-0.391824
-0.431846
-0.391824
-0.431846
-0.391824
-0.431846
-0.391824
-0.431846
-0.391824
-0.431846
-0.391824
-0.431846
-0.391824
-0.431846
-0.391824
-0.431846
-0.391824
-0.431846
-0.391824
-0.431846
-0.391824
-0.431846
-0.391824
-0.431846
-0.391824
-0.431846
-0.391824
-0.431846
-0.391824
-0.431846
-0.391824
-0.431846
-0.391824
-0.431846
-0.391824
-0.431846
-0.391824
-0.431846
-0.391824
-0.431846
-0.391824
-0.431846
-0.391824
-0.431846
-0.391824
-0.431846
-0.391824
-0.431846
-0.391824
-0.431846
-0.391824
-0.431846
-0.391824
-0.431846
-0.391824
-0.431846
-0.391824
-0.431846
-0.391824
-0.431846
-0.391824
-0.431846
-0.391824
-0.431846
-0.391824
-0.431846
-0.391824
-0.431846
-0.391824
-0.431846
-0.391824
-0.431846
-0.391824
-0.431846
-0.391824
-0.431846
-0.391824
-0.431846
-0.391824
-0.431846
-0.391824
-0.431846
-0.391824
-0.431846
-0.391824
-0.431846
-0.391824
-0.431846
-0.391824
-0.431846
-0.391824
-0.431846
-0.391824
-0.431846
-0.391824
-0.431846
-0.391824
-0.431846
-0.391824
-0.431846
-0.391824
-0.431846
-0.391824
-0.431846
-0.391824
-0.431846
-0.391824
-0.431846
-0.391824
-0.431846
-0.391824
-0.431846
-0.391824
-0.431846
-0.391824
-0.431846
-0.391824
-0.431846
-0.391824
-0.431846
-0.391824
-0.431846
-0.391824
-0.431846
-0.391824
-0.431846
-0.391824
-0.431846
-0.391824
-0.431846
-0.391824
-0.431846
-0.391824
-0.431846
-0.391824
-0.431846
-0.391824
-0.431846
-0.391824
-0.431846
-0.391824
-0.431846
-0.391824
-0.431846
-0.391824
-0.431846
-0.391824
-0.431846
-0.391824
-0.431846
-0.391824
-0.431846
-0.391824
-0.431846
-0.391824
-0.431846
-0.391824
-0.431846
-0.391824
-0.431846
-0.391824
-0.431846
-0.391824
-0.431846
-0.391824
-0.431846
-0.391824
-0.431846
-0.391824
-0.431846
-0.391824
-0.431846
-0.391824
-0.431846
-0.391824
-0.431846
-0.391824
-0.431846
-0.391824
-0.431846
-0.391824
-0.431846
-0.391824
-0.431846
-0.391824
-0.431846
-0.391824
-0.431846
-0.391824
-0.431846
-0.391824
-0.431846
-0.391824
-0.431846
-0.391824
-0.431846
-0.391824
-0.431846
-0.391824
-0.431846
-0.391824
-0.431846
-0.391824
-0.431846
-0.391824
-0.431846
-0.391824
-0.431846
-0.391824
-0.431846
-0.391824
-0.431846
-0.391824
-0.431846
-0.391824
-0.431846
-0.391824
-0.431846
-0.391824
-0.431846
-0.391824
-0.431846
-0.391824
-0.431846
-0.391824
-0.431846
-0.391824
-0.431846
-0.391824
-0.431846
-0.391824
-0.431846
-0.391824
-0.431846
-0.391824
-0.431846
-0.391824
-0.431846
-0.391824
-0.431846
-0.391824
-0.431846
-0.391824
-0.431846
-0.391824
-0.431846
-0.391824
-0.431846
-0.391824
-0.431846
-0.391824
-0.431846
-0.391824
-0.431846
-0.391824
-0.431846
-0.391824
-0.431846
-0.391824
-0.431846
-0.391824
-0.431846
-0.391824
-0.431846
-0.391824
-0.431846
-0.391824
-0.431846
-0.391824
-0.431846
-0.391824
-0.431846
-0.391824
-0.431846
-0.391824
-0.431846
-0.391824
-0.431846
-0.391824
-0.431846
-0.391824
-0.431846
-0.391824
-0.431846
-0.391824
-0.431846
-0.391824
-0.431846
-0.391824
-0.431846
-0.391824
-0.431846
-0.391824
-0.431846
-0.391824
-0.431846
-0.391824
-0.431846
-0.391824
-0.431846
-0.391824
-0.431846
-0.391824
-0.431846
-0.391824
-0.431846
-0.391824
-0.431846
-0.391824
-0.431846
-0.391824
-0.431846
-0.391824
-0.431846
-0.391824
-0.431846
-0.391824
-0.431846
-0.391824
-0.431846
-0.391824
-0.431846
-0.391824
-0.431846
-0.391824
-0.431846
-0.391824
-0.431846
-0.391824
-0.431846
-0.391824
-0.431846
-0.391824
-0.431846
-0.391824
-0.431846
-0.391824
-0.431846
-0.391824
-0.431846
-0.391824
-0.431846
-0.391824
-0.431846
-0.391824
-0.431846
-0.391824
-0.431846
-0.391824
-0.431846
-0.391824
-0.431846
-0.391824
-0.431846
-0.391824
-0.431846
-0.391824
-0.431846
-0.391824
-0.431846
-0.391824
-0.431846
-0.391824
-0.431846
-0.391824
-0.431846
-0.391824
-0.431846
-0.391824
-0.431846
-0.391824
-0.431846
-0.391824
-0.431846
-0.391824
-0.431846
-0.391824
-0.431846
-0.391824
-0.431846
-0.391824
-0.431846
-0.391824
-0.431846
-0.391824
-0.431846
-0.391824
-0.431846
-0.391824
-0.431846
-0.391824
-0.431846
-0.391824
-0.431846
-0.391824
-0.431846
-0.391824
-0.431846
-0.391824
-0.431846
-0.391824
-0.431846
-0.391824
-0.431846
-0.391824
-0.431846
-0.391824
-0.431846
-0.391824
-0.431846
-0.391824
-0.431846
-0.391824
-0.431846
-0.391824
-0.431846
-0.391824
-0.431846
-0.391824
-0.431846
-0.391824
-0.431846
-0.391824
-0.431846
-0.391824
-0.431846
-0.391824
-0.431846
-0.391824
-0.431846
-0.391824
-0.431846
-0.391824
-0.431846
-0.391824
-0.431846
-0.391824
-0.431846
-0.391824
-0.431846
-0.391824
-0.431846
-0.391824
-0.431846
-0.391824
-0.431846
-0.391824
-0.431846
-0.391824
-0.431846
-0.391824
-0.431846
-0.391824
-0.431846
-0.391824
-0.431846
-0.391824
-0.431846
-0.391824
-0.431846
-0.391824
-0.431846
-0.391824
-0.431846
-0.391824
-0.431846
-0.391824
-0.431846
-0.391824
-0.431846
-0.391824
-0.431846
-0.391824
-0.431846
-0.391824
-0.431846
-0.391824
-0.431846
-0.391824
-0.431846
-0.391824
-0.431846
-0.391824
-0.431846
-0.391824
-0.431846
-0.391824
-0.431846
-0.391824
-0.431846
-0.391824
-0.431846
-0.391824
-0.431846
-0.391824
-0.431846
-0.391824
-0.431846
-0.391824
-0.431846
-0.391824
-0.431846
-0.391824
-0.431846
-0.391824
-0.431846
-0.391824
-0.431846
-0.391824
-0.431846
-0.391824
-0.431846
-0.391824
-0.431846
-0.391824
-0.431846
-0.391824
-0.431846
-0.391824
-0.431846
-0.391824
-0.431846
-0.391824
-0.431846
-0.391824
-0.431846
-0.391824
-0.431846
-0.391824
-0.431846
-0.391824
-0.431846
-0.391824
-0.431846
-0.391824
-0.431846
-0.391824
-0.431846
-0.391824
-0.431846
-0.391824
-0.431846
-0.391824
-0.431846
-0.391824
-0.431846
-0.391824
-0.431846
-0.391824
-0.431846
-0.391824
-0.431846
-0.391824
-0.431846
-0.391824
-0.431846
-0.391824
-0.431846
-0.391824
-0.431846
-0.391824
-0.431846
-0.391824
-0.431846
-0.391824
-0.431846
-0.391824
-0.431846
-0.391824
-0.431846
-0.391824
-0.431846
-0.391824
-0.431846
-0.391824
-0.431846
-0.391824
-0.431846
-0.391824
-0.431846
-0.391824
-0.431846
-0.391824
-0.431846
-0.391824
-0.431846
-0.391824
-0.431846
-0.391824
-0.431846
-0.391824
-0.431846
-0.391824
-0.431846
-0.391824
-0.431846
-0.391824
-0.431846
-0.391824
-0.431846
-0.391824
-0.431846
-0.391824
-0.431846
-0.391824
-0.431846
-0.391824
-0.431846
-0.391824
-0.431846
-0.391824
-0.431846
-0.391824
-0.431846
-0.391824
-0.431846
-0.391824
-0.431846
-0.391824
-0.431846
-0.391824
-0.431846
-0.391824
-0.431846
-0.391824
-0.431846
-0.391824
-0.431846
-0.391824
-0.431846
-0.391824
-0.431846
-0.391824
-0.431846
-0.391824
-0.431846
-0.391824
-0.431846
-0.391824
-0.431846
-0.391824
-0.431846
-0.391824
-0.431846
-0.391824
-0.431846
-0.391824
-0.431846
-0.391824
-0.431846
-0.391824
-0.431846
-0.391824
-0.431846
-0.391824
-0.431846
-0.391824
-0.431846
-0.391824
-0.431846
-0.391824
-0.431846
-0.391824
-0.431846
-0.391824
-0.431846
-0.391824
-0.431846
-0.391824
-0.431846
-0.391824
-0.431846
-0.391824
-0.431846
-0.391824
-0.431846
-0.391824
-0.431846
-0.391824
-0.431846
-0.391824
-0.431846
-0.391824
-0.431846
-0.391824
-0.431846
-0.391824
-0.431846
-0.391824
-0.431846
-0.391824
-0.431846
-0.391824
-0.431846
-0.391824
-0.431846
-0.391824
-0.431846
-0.391824
-0.431846
-0.188721
-0.228887
-0.188721
-0.228887
-0.188721
-0.228887
-0.188721
-0.228887
-0.188721
-0.228887
-0.188721
-0.228887
-0.188721
-0.228887
-0.188721
-0.228887
-0.188721
-0.228887
-0.188721
-0.228887
-0.188721
-0.228887
-0.188721
-0.228887
-0.188721
-0.228887
-0.188721
-0.228887
-0.188721
-0.228887
-0.188721
-0.228887
-0.188721
-0.228887
-0.188721
-0.228887
-0.188721
-0.228887
-0.188721
-0.228887
-0.188721
-0.228887
-0.188721
-0.228887
-0.188721
-0.228887
-0.188721
-0.228887
-0.188721
-0.228887
-0.188721
-0.228887
-0.188721
-0.228887
-0.188721
-0.228887
-0.188721
-0.228887
-0.188721
-0.228887
-0.188721
-0.228887
-0.188721
-0.228887
-0.188721
-0.228887
-0.188721
-0.228887
-0.188721
-0.228887
-0.188721
-0.228887
-0.188721
-0.228887
-0.188721
-0.228887
-0.188721
-0.228887
-0.188721
-0.228887
-0.188721
-0.228887
-0.188721
-0.228887
-0.188721
-0.228887
-0.188721
-0.228887
-0.188721
-0.228887
-0.188721
-0.228887
-0.188721
-0.228887
-0.188721
-0.228887
-0.188721
-0.228887
-0.188721
-0.228887
-0.188721
-0.228887
-0.188721
-0.228887
-0.188721
-0.228887
-0.188721
-0.228887
-0.188721
-0.228887
-0.188721
-0.228887
-0.188721
-0.228887
-0.188721
-0.228887
-0.188721
-0.228887
-0.188721
-0.228887
-0.188721
-0.228887
-0.188721
-0.228887
-0.188721
-0.228887
-0.188721
-0.228887
-0.188721
-0.228887
-0.188721
-0.228887
-0.188721
-0.228887
-0.188721
-0.228887
-0.188721
-0.228887
-0.188721
-0.228887
-0.188721
-0.228887
-0.188721
-0.228887
-0.188721
-0.228887
-0.188721
-0.228887
-0.188721
-0.228887
-0.188721
-0.228887
-0.188721
-0.228887
-0.188721
-0.228887
-0.188721
-0.228887
-0.188721
-0.228887
-0.188721
-0.228887
-0.188721
-0.228887
-0.188721
-0.228887
-0.188721
-0.228887
-0.188721
-0.228887
-0.188721
-0.228887
-0.188721
-0.228887
-0.188721
-0.228887
-0.188721
-0.228887
-0.188721
-0.228887
-0.188721
-0.228887
-0.188721
-0.228887
-0.188721
-0.228887
-0.188721
-0.228887
-0.188721
-0.228887
-0.188721
-0.228887
-0.188721
-0.228887
-0.188721
-0.228887
-0.188721
-0.228887
-0.188721
-0.228887
-0.188721
-0.228887
-0.188721
-0.228887
-0.188721
-0.228887
-0.188721
-0.228887
-0.188721
-0.228887
-0.188721
-0.228887
-0.188721
-0.228887
-0.188721
-0.228887
-0.188721
-0.228887
-0.188721
-0.228887
-0.188721
-0.228887
-0.188721
-0.228887
-0.188721
-0.228887
-0.188721
-0.228887
-0.188721
-0.228887
-0.188721
-0.228887
-0.188721
-0.228887
-0.188721
-0.228887
-0.188721
-0.228887
-0.188721
-0.228887
-0.188721
-0.228887
-0.188721
-0.228887
-0.188721
-0.228887
-0.188721
-0.228887
-0.188721
-0.228887
-0.188721
-0.228887
-0.188721
-0.228887
-0.188721
-0.228887
-0.188721
-0.228887
-0.188721
-0.228887
-0.188721
-0.228887
-0.188721
-0.228887
-0.188721
-0.228887
-0.188721
-0.228887
-0.188721
-0.228887
-0.188721
-0.228887
-0.188721
-0.228887
-0.188721
-0.228887
-0.188721
-0.228887
-0.188721
-0.228887
-0.188721
-0.228887
-0.188721
-0.228887
-0.188721
-0.228887
-0.188721
-0.228887
-0.188721
-0.228887
-0.188721
-0.228887
-0.188721
-0.228887
-0.188721
-0.228887
-0.188721
-0.228887
-0.188721
-0.228887
-0.188721
-0.228887
-0.188721
-0.228887
-0.188721
-0.228887
-0.188721
-0.228887
-0.188721
-0.228887
-0.188721
-0.228887
-0.188721
-0.228887
-0.188721
-0.228887
-0.188721
-0.228887
-0.188721
-0.228887
-0.188721
-0.228887
-0.188721
-0.228887
-0.188721
-0.228887
-0.188721
-0.228887
-0.188721
-0.228887
-0.188721
-0.228887
-0.188721
-0.228887
-0.188721
-0.228887
-0.188721
-0.228887
-0.188721
-0.228887
-0.188721
-0.228887
-0.188721
-0.228887
-0.188721
-0.228887
-0.188721
-0.228887
-0.188721
-0.228887
-0.188721
-0.228887
-0.188721
-0.228887
-0.188721
-0.228887
-0.188721
-0.228887
-0.188721
-0.228887
-0.188721
-0.228887
-0.188721
-0.228887
-0.188721
-0.228887
-0.188721
-0.228887
-0.188721
-0.228887
-0.188721
-0.228887
-0.188721
-0.228887
-0.188721
-0.228887
-0.188721
-0.228887
-0.188721
-0.228887
-0.188721
-0.228887
-0.188721
-0.228887
-0.188721
-0.228887
-0.188721
-0.228887
-0.188721
-0.228887
-0.188721
-0.228887
-0.188721
-0.228887
-0.188721
-0.228887
-0.188721
-0.228887
-0.188721
-0.228887
-0.391824
-0.431846
-0.391824
-0.431846
-0.391824
-0.431846
-0.391824
-0.431846
-0.391824
-0.431846
-0.391824
-0.431846
-0.391824
-0.431846
-0.391824
-0.431846
-0.391824
-0.431846
-0.391824
-0.431846
-0.391824
-0.431846
-0.391824
-0.431846
-0.391824
-0.431846
-0.391824
-0.431846
-0.391824
-0.431846
-0.391824
-0.431846
-0.391824
-0.431846
-0.391824
-0.431846
-0.391824
-0.431846
-0.391824
-0.431846
-0.391824
-0.431846
-0.391824
-0.431846
-0.391824
-0.431846
-0.391824
-0.431846
-0.391824
-0.431846
-0.391824
-0.431846
-0.391824
-0.431846
-0.391824
-0.431846
-0.391824
-0.431846
-0.391824
-0.431846
-0.391824
-0.431846
-0.391824
-0.431846
-0.391824
-0.431846
-0.391824
-0.431846
-0.391824
-0.431846
-0.391824
-0.431846
-0.391824
-0.431846
-0.391824
-0.431846
-0.391824
-0.431846
-0.391824
-0.431846
-0.391824
-0.431846
-0.391824
-0.431846
-0.391824
-0.431846
-0.391824
-0.431846
-0.391824
-0.431846
-0.391824
-0.431846
-0.391824
-0.431846
-0.391824
-0.431846
-0.391824
-0.431846
-0.391824
-0.431846
-0.391824
-0.431846
-0.391824
-0.431846
-0.391824
-0.431846
-0.391824
-0.431846
-0.391824
-0.431846
-0.391824
-0.431846
-0.391824
-0.431846
-0.391824
-0.431846
-0.391824
-0.431846
-0.391824
-0.431846
-0.391824
-0.431846
-0.391824
-0.431846
-0.391824
-0.431846
-0.391824
-0.431846
-0.391824
-0.431846
-0.391824
-0.431846
-0.391824
-0.431846
-0.391824
-0.431846
-0.391824
-0.431846
-0.391824
-0.431846
-0.391824
-0.431846
-0.391824
-0.431846
-0.391824
-0.431846
-0.391824
-0.431846
-0.391824
-0.431846
-0.391824
-0.431846
-0.391824
-0.431846
-0.391824
-0.431846
-0.391824
-0.431846
-0.391824
-0.431846
-0.391824
-0.431846
-0.391824
-0.431846
-0.391824
-0.431846
-0.391824
-0.431846
-0.391824
-0.431846
-0.391824
-0.431846
-0.391824
-0.431846
-0.391824
-0.431846
-0.391824
-0.431846
-0.391824
-0.431846
-0.391824
-0.431846
-0.391824
-0.431846
-0.391824
-0.431846
-0.391824
-0.431846
-0.391824
-0.431846
-0.391824
-0.431846
-0.391824
-0.431846
-0.391824
-0.431846
-0.391824
-0.431846
-0.391824
-0.431846
-0.391824
-0.431846
-0.391824
-0.431846
-0.391824
-0.431846
-0.391824
-0.431846
-0.391824
-0.431846
-0.391824
-0.431846
-0.391824
-0.431846
-0.391824
-0.431846
-0.391824
-0.431846
-0.391824
-0.431846
-0.391824
-0.431846
-0.391824
-0.431846
-0.391824
-0.431846
-0.391824
-0.431846
-0.391824
-0.431846
-0.391824
-0.431846
-0.391824
-0.431846
-0.391824
-0.431846
-0.391824
-0.431846
-0.391824
-0.431846
-0.391824
-0.431846
-0.391824
-0.431846
-0.391824
-0.431846
-0.391824
-0.431846
-0.391824
-0.431846
-0.391824
-0.431846
-0.391824
-0.431846
-0.391824
-0.431846
-0.391824
-0.431846
-0.391824
-0.431846
-0.391824
-0.431846
-0.391824
-0.431846
-0.391824
-0.431846
-0.391824
-0.431846
-0.391824
-0.431846
-0.391824
-0.431846
-0.391824
-0.431846
-0.391824
-0.431846
-0.391824
-0.431846
-0.391824
-0.431846
-0.391824
-0.431846
-0.391824
-0.431846
-0.391824
-0.431846
-0.391824
-0.431846
-0.391824
-0.431846
-0.391824
-0.431846
-0.391824
-0.431846
-0.391824
-0.431846
-0.391824
-0.431846
-0.391824
-0.431846
-0.391824
-0.431846
-0.391824
-0.431846
-0.391824
-0.431846
-0.391824
-0.431846
-0.391824
-0.431846
-0.391824
-0.431846
-0.391824
-0.431846
-0.391824
-0.431846
-0.391824
-0.431846
-0.391824
-0.431846
-0.391824
-0.431846
-0.391824
-0.431846
-0.391824
-0.431846
-0.391824
-0.431846
-0.391824
-0.431846
-0.391824
-0.431846
-0.391824
-0.431846
-0.391824
-0.431846
-0.391824
-0.431846
-0.391824
-0.431846
-0.391824
-0.431846
-0.391824
-0.431846
-0.391824
-0.431846
-0.391824
-0.431846
-0.391824
-0.431846
-0.391824
-0.431846
-0.391824
-0.431846
-0.391824
-0.431846
-0.391824
-0.431846
-0.391824
-0.431846
-0.391824
-0.431846
-0.391824
-0.431846
-0.391824
-0.431846
-0.391824
-0.431846
-0.391824
-0.431846
-0.391824
-0.431846
-0.391824
-0.431846
-0.391824
-0.431846
-0.391824
-0.431846
-0.391824
-0.431846
-0.391824
-0.431846
-0.391824
-0.431846
-0.391824
-0.431846
-0.391824
-0.431846
-0.391824
-0.431846
-0.391824
-0.431846
-0.391824
-0.431846
-0.391824
-0.431846
-0.391824
-0.431846
-0.391824
-0.431846
-0.391824
-0.431846
-0.391824
-0.431846
-0.391824
-0.431846
-0.391824
-0.431846
-0.391824
-0.431846
-0.391824
-0.431846
-0.391824
-0.431846
-0.391824
-0.431846
-0.391824
-0.431846
-0.391824
-0.431846
-0.391824
-0.431846
-0.391824
-0.431846
-0.391824
-0.431846
-0.391824
-0.431846
-0.391824
-0.431846
-0.391824
-0.431846
-0.391824
-0.431846
-0.391824
-0.431846
-0.391824
-0.431846
-0.391824
-0.431846
-0.391824
-0.431846
-0.391824
-0.431846
-0.391824
-0.431846
-0.391824
-0.431846
-0.391824
-0.431846
-0.391824
-0.431846
-0.391824
-0.431846
-0.391824
-0.431846
-0.391824
-0.431846
-0.391824
-0.431846
-0.391824
-0.431846
-0.391824
-0.431846
-0.391824
-0.431846
-0.391824
-0.431846
-0.391824
-0.431846
-0.391824
-0.431846
-0.391824
-0.431846
-0.391824
-0.431846
-0.391824
-0.431846
-0.391824
-0.431846
-0.391824
-0.431846
-0.391824
-0.431846
-0.391824
-0.431846
-0.391824
-0.431846
-0.391824
-0.431846
-0.391824
-0.431846
-0.391824
-0.431846
-0.391824
-0.431846
-0.391824
-0.431846
-0.391824
-0.431846
-0.391824
-0.431846
-0.391824
-0.431846
-0.391824
-0.431846
-0.391824
-0.431846
-0.391824
-0.431846
-0.391824
-0.431846
-0.391824
-0.431846
-0.391824
-0.431846
-0.391824
-0.431846
-0.391824
-0.431846
-0.391824
-0.431846
-0.391824
-0.431846
-0.391824
-0.431846
-0.391824
-0.431846
-0.391824
-0.431846
-0.391824
-0.431846
-0.391824
-0.431846
-0.391824
-0.431846
-0.391824
-0.431846
-0.391824
-0.431846
-0.391824
-0.431846
-0.391824
-0.431846
-0.391824
-0.431846
-0.391824
-0.431846
-0.391824
-0.431846
-0.391824
-0.431846
-0.391824
-0.431846
-0.391824
-0.431846
-0.391824
-0.431846
-0.391824
-0.431846
-0.391824
-0.431846
-0.391824
-0.431846
-0.391824
-0.431846
-0.391824
-0.431846
-0.391824
-0.431846
-0.391824
-0.431846
-0.391824
-0.431846
-0.391824
-0.431846
-0.391824
-0.431846
-0.391824
-0.431846
-0.391824
-0.431846
-0.391824
-0.431846
-0.391824
-0.431846
-0.391824
-0.431846
-0.391824
-0.431846
-0.391824
-0.431846
-0.391824
-0.431846
-0.391824
-0.431846
-0.391824
-0.431846
-0.391824
-0.431846
-0.391824
-0.431846
-0.391824
-0.431846
-0.391824
-0.431846
-0.391824
-0.431846
-0.391824
-0.431846
-0.391824
-0.431846
-0.391824
-0.431846
-0.391824
-0.431846
-0.391824
-0.431846
-0.391824
-0.431846
-0.391824
-0.431846
-0.391824
-0.431846
-0.391824
-0.431846
-0.391824
-0.431846
-0.391824
-0.431846
-0.391824
-0.431846
-0.391824
-0.431846
-0.391824
-0.431846
-0.391824
-0.431846
-0.391824
-0.431846
-0.391824
-0.431846
-0.391824
-0.431846
-0.391824
-0.431846
-0.391824
-0.431846
-0.391824
-0.431846
-0.391824
-0.431846
-0.391824
-0.431846
-0.391824
-0.431846
-0.391824
-0.431846
-0.391824
-0.431846
-0.391824
-0.431846
-0.391824
-0.431846
-0.391824
-0.431846
-0.391824
-0.431846
-0.391824
-0.431846
-0.391824
-0.431846
-0.391824
-0.431846
-0.391824
-0.431846
-0.391824
-0.431846
-0.391824
-0.431846
-0.391824
-0.431846
-0.391824
-0.431846
-0.391824
-0.431846
-0.391824
-0.431846
-0.391824
-0.431846
-0.391824
-0.431846
-0.391824
-0.431846
-0.391824
-0.431846
-0.391824
-0.431846
-0.391824
-0.431846
-0.391824
-0.431846
-0.391824
-0.431846
-0.391824
-0.431846
-0.391824
-0.431846
-0.391824
-0.431846
-0.391824
-0.431846
-0.391824
-0.431846
-0.391824
-0.431846
-0.391824
-0.431846
-0.391824
-0.431846
-0.391824
-0.431846
-0.391824
-0.431846
-0.391824
-0.431846
-0.391824
-0.431846
-0.391824
-0.431846
-0.391824
-0.431846
-0.391824
-0.431846
-0.391824
-0.431846
-0.391824
-0.431846
-0.391824
-0.431846
-0.391824
-0.431846
-0.391824
-0.431846
-0.391824
-0.431846
-0.391824
-0.431846
-0.391824
-0.431846
-0.391824
-0.431846
-0.391824
-0.431846
-0.391824
-0.431846
-0.391824
-0.431846
-0.391824
-0.431846
-0.391824
-0.431846
-0.391824
-0.431846
-0.391824
-0.431846
-0.391824
-0.431846
-0.391824
-0.431846
-0.391824
-0.431846
-0.391824
-0.431846
-0.391824
-0.431846
-0.391824
-0.431846
-0.391824
-0.431846
-0.391824
-0.431846
-0.391824
-0.431846
-0.391824
-0.431846
-0.391824
-0.431846
-0.391824
-0.431846
-0.391824
-0.431846
-0.391824
-0.431846
-0.391824
-0.431846
-0.391824
-0.431846
-0.391824
-0.431846
-0.391824
-0.431846
-0.391824
-0.431846
-0.391824
-0.431846
-0.391824
-0.431846
-0.391824
-0.431846
-0.391824
-0.431846
-0.391824
-0.431846
-0.391824
-0.431846
-0.391824
-0.431846
-0.391824
-0.431846
-0.391824
-0.431846
-0.391824
-0.431846
-0.391824
-0.431846
-0.391824
-0.431846
-0.391824
-0.431846
-0.391824
-0.431846
-0.391824
-0.431846
-0.391824
-0.431846
-0.391824
-0.431846
-0.391824
-0.431846
-0.391824
-0.431846
-0.391824
-0.431846
-0.391824
-0.431846
-0.391824
-0.431846
-0.391824
-0.431846
-0.391824
-0.431846
-0.391824
-0.431846
-0.391824
-0.431846
-0.391824
-0.431846
-0.391824
-0.431846
-0.391824
-0.431846
-0.391824
-0.431846
-0.391824
-0.431846
-0.391824
-0.431846
-0.391824
-0.431846
-0.391824
-0.431846
-0.391824
-0.431846
-0.391824
-0.431846
-0.391824
-0.431846
-0.391824
-0.431846
-0.391824
-0.431846
-0.391824
-0.431846
-0.391824
-0.431846
-0.391824
-0.431846
-0.391824
-0.431846
-0.391824
-0.431846
-0.391824
-0.431846
-0.391824
-0.431846
-0.391824
-0.431846
-0.391824
-0.431846
-0.391824
-0.431846
-0.391824
-0.431846
-0.391824
-0.431846
-0.391824
-0.431846
-0.391824
-0.431846
-0.391824
-0.431846
-0.391824
-0.431846
-0.391824
-0.431846
-0.391824
-0.431846
-0.391824
-0.431846
-0.391824
-0.431846
-0.391824
-0.431846
-0.391824
-0.431846
-0.391824
-0.431846
-0.391824
-0.431846
-0.391824
-0.431846
-0.391824
-0.431846
-0.391824
-0.431846
-0.391824
-0.431846
-0.391824
-0.431846
-0.391824
-0.431846
-0.391824
-0.431846
-0.391824
-0.431846
-0.391824
-0.431846
-0.391824
-0.431846
-0.391824
-0.431846
-0.391824
-0.431846
-0.391824
-0.431846
-0.391824
-0.431846
-0.391824
-0.431846
-0.391824
-0.431846
-0.391824
-0.431846
-0.391824
-0.431846
-0.391824
-0.431846
-0.391824
-0.431846
-0.391824
-0.431846
-0.391824
-0.431846
-0.391824
-0.431846
-0.391824
-0.431846
-0.391824
-0.431846
-0.391824
-0.431846
-0.391824
-0.431846
-0.391824
-0.431846
-0.391824
-0.431846
-0.391824
-0.431846
-0.391824
-0.431846
-0.391824
-0.431846
-0.391824
-0.431846
-0.391824
-0.431846
-0.391824
-0.431846
-0.391824
-0.431846
-0.391824
-0.431846
-0.391824
-0.431846
-0.391824
-0.431846
-0.391824
-0.431846
-0.391824
-0.431846
-0.391824
-0.431846
-0.391824
-0.431846
-0.391824
-0.431846
-0.391824
-0.431846
-0.391824
-0.431846
-0.391824
-0.431846
-0.391824
-0.431846
-0.391824
-0.431846
-0.391824
-0.431846
-0.391824
-0.431846
-0.391824
-0.431846
-0.391824
-0.431846
-0.391824
-0.431846
-0.391824
-0.431846
-0.391824
-0.431846
-0.391824
-0.431846
-0.391824
-0.431846
-0.391824
-0.431846
-0.391824
-0.431846
-0.391824
-0.431846
-0.391824
-0.431846
-0.391824
-0.431846
-0.391824
-0.431846
-0.391824
-0.431846
-0.391824
-0.431846
-0.391824
-0.431846
-0.391824
-0.431846
-0.391824
-0.431846
-0.391824
-0.431846
-0.391824
-0.431846
-0.391824
-0.431846
-0.391824
-0.431846
-0.391824
-0.431846
-0.391824
-0.431846
-0.391824
-0.431846
-0.391824
-0.431846
-0.391824
-0.431846
-0.391824
-0.431846
-0.391824
-0.431846
-0.391824
-0.431846
-0.391824
-0.431846
-0.391824
-0.431846
-0.391824
-0.431846
-0.391824
-0.431846
-0.391824
-0.431846
-0.391824
-0.431846
-0.391824
-0.431846
-0.391824
-0.431846
-0.391824
-0.431846
-0.391824
-0.431846
-0.391824
-0.431846
-0.391824
-0.431846
-0.391824
-0.431846
-0.391824
-0.431846
-0.391824
-0.431846
-0.391824
-0.431846
-0.391824
-0.431846
-0.391824
-0.431846
-0.391824
-0.431846
-0.391824
-0.431846
-0.391824
-0.431846
-0.391824
-0.431846
-0.391824
-0.431846
-0.391824
-0.431846
-0.391824
-0.431846
-0.391824
-0.431846
-0.391824
-0.431846
-0.391824
-0.431846
-0.391824
-0.431846
-0.391824
-0.431846
-0.391824
-0.431846
-0.391824
-0.431846
-0.391824
-0.431846
-0.391824
-0.431846
-0.391824
-0.431846
-0.391824
-0.431846
-0.391824
-0.431846
-0.391824
-0.431846
-0.391824
-0.431846
-0.391824
-0.431846
-0.391824
-0.431846
-0.391824
-0.431846
-0.391824
-0.431846
-0.391824
-0.431846
-0.391824
-0.431846
-0.391824
-0.431846
-0.391824
-0.431846
-0.391824
-0.431846
-0.391824
-0.431846
-0.391824
-0.431846
-0.391824
-0.431846
-0.391824
-0.431846
-0.391824
-0.431846
-0.391824
-0.431846
-0.391824
-0.431846
-0.391824
-0.431846
-0.391824
-0.431846
-0.391824
-0.431846
-0.391824
-0.431846
-0.391824
-0.431846
-0.391824
-0.431846
-0.391824
-0.431846
-0.391824
-0.431846
-0.391824
-0.431846
-0.391824
-0.431846
-0.391824
-0.431846
-0.391824
-0.431846
-0.391824
-0.431846
-0.391824
-0.431846
-0.391824
-0.431846
-0.391824
-0.431846
-0.391824
-0.431846
-0.391824
-0.431846
-0.391824
-0.431846
-0.391824
-0.431846
-0.391824
-0.431846
-0.391824
-0.431846
-0.391824
-0.431846
-0.391824
-0.431846
-0.391824
-0.431846
-0.391824
-0.431846
-0.391824
-0.431846
-0.391824
-0.431846
-0.391824
-0.431846
-0.391824
-0.431846
-0.391824
-0.431846
-0.391824
-0.431846
-0.391824
-0.431846
-0.391824
-0.431846
-0.391824
-0.431846
-0.391824
-0.431846
-0.391824
-0.431846
-0.391824
-0.431846
-0.391824
-0.431846
-0.391824
-0.431846
-0.391824
-0.431846
-0.391824
-0.431846
-0.391824
-0.431846
-0.391824
-0.431846
-0.391824
-0.431846
-0.391824
-0.431846
-0.391824
-0.431846
-0.391824
-0.431846
-0.391824
-0.431846
-0.391824
-0.431846
-0.391824
-0.431846
-0.391824
-0.431846
-0.391824
-0.431846
-0.391824
-0.431846
-0.391824
-0.431846
-0.391824
-0.431846
-0.391824
-0.431846
-0.391824
-0.431846
-0.391824
-0.431846
-0.391824
-0.431846
-0.391824
-0.431846
-0.391824
-0.431846
-0.391824
-0.431846
-0.391824
-0.431846
-0.391824
-0.431846
-0.391824
-0.431846
-0.391824
-0.431846
-0.391824
-0.431846
-0.391824
-0.431846
-0.391824
-0.431846
-0.391824
-0.431846
-0.391824
-0.431846
-0.391824
-0.431846
-0.391824
-0.431846
-0.391824
-0.431846
-0.391824
-0.431846
-0.391824
-0.431846
-0.391824
-0.431846
-0.391824
-0.431846
-0.391824
-0.431846
-0.391824
-0.431846
-0.391824
-0.431846
-0.391824
-0.431846
-0.391824
-0.431846
-0.391824
-0.431846
-0.391824
-0.431846
-0.391824
-0.431846
-0.391824
-0.431846
-0.391824
-0.431846
-0.391824
-0.431846
-0.391824
-0.431846
-0.391824
-0.431846
-0.391824
-0.431846
-0.391824
-0.431846
-0.391824
-0.431846
-0.391824
-0.431846
-0.391824
-0.431846
-0.391824
-0.431846
-0.391824
-0.431846
-0.391824
-0.431846
-0.391824
-0.431846
-0.391824
-0.431846
-0.391824
-0.431846
-0.391824
-0.431846
-0.391824
-0.431846
-0.391824
-0.431846
-0.391824
-0.431846
-0.391824
-0.431846
-0.391824
-0.431846
-0.391824
-0.431846
-0.391824
-0.431846
-0.391824
-0.431846
-0.391824
-0.431846
-0.391824
-0.431846
-0.391824
-0.431846
-0.391824
-0.431846
-0.391824
-0.431846
-0.391824
-0.431846
-0.391824
-0.431846
-0.391824
-0.431846
-0.391824
-0.431846
-0.391824
-0.431846
-0.391824
-0.431846
-0.391824
-0.431846
-0.391824
-0.431846
-0.391824
-0.431846
-0.391824
-0.431846
-0.391824
-0.431846
-0.391824
-0.431846
-0.391824
-0.431846
-0.391824
-0.431846
-0.391824
-0.431846
-0.391824
-0.431846
-0.391824
-0.431846
-0.391824
-0.431846
-0.391824
-0.431846
-0.391824
-0.431846
-0.391824
-0.431846
-0.391824
-0.431846
-0.391824
-0.431846
-0.391824
-0.431846
-0.391824
-0.431846
-0.391824
-0.431846
-0.391824
-0.431846
-0.391824
-0.431846
-0.391824
-0.431846
-0.391824
-0.431846
-0.391824
-0.431846
-0.391824
-0.431846
-0.391824
-0.431846
-0.391824
-0.431846
-0.391824
-0.431846
-0.391824
-0.431846
-0.391824
-0.431846
-0.391824
-0.431846
-0.391824
-0.431846
-0.391824
-0.431846
-0.391824
-0.431846
-0.391824
-0.431846
-0.391824
-0.431846
-0.391824
-0.431846
-0.391824
-0.431846
-0.391824
-0.431846
-0.391824
-0.431846
-0.391824
-0.431846
-0.391824
-0.431846
-0.391824
-0.431846
-0.391824
-0.431846
-0.391824
-0.431846
-0.391824
-0.431846
-0.391824
-0.431846
-0.391824
-0.431846
-0.391824
-0.431846
-0.391824
-0.431846
-0.391824
-0.431846
-0.391824
-0.431846
-0.391824
-0.431846
-0.391824
-0.431846
-0.391824
-0.431846
-0.391824
-0.431846
-0.391824
-0.431846
-0.391824
-0.431846
-0.391824
-0.431846
-0.391824
-0.431846
-0.391824
-0.431846
-0.391824
-0.431846
-0.391824
-0.431846
-0.391824
-0.431846
-0.391824
-0.431846
-0.391824
-0.431846
-0.391824
-0.431846
-0.391824
-0.431846
-0.391824
-0.431846
-0.391824
-0.431846
-0.391824
-0.431846
-0.391824
-0.431846
-0.391824
-0.431846
-0.391824
-0.431846
-0.391824
-0.431846
-0.391824
-0.431846
-0.391824
-0.431846
-0.391824
-0.431846
-0.391824
-0.431846
-0.391824
-0.431846
-0.391824
-0.431846
-0.391824
-0.431846
-0.391824
-0.431846
-0.391824
-0.431846
-0.391824
-0.431846
-0.391824
-0.431846
-0.391824
-0.431846
-0.391824
-0.431846
-0.391824
-0.431846
-0.391824
-0.431846
-0.391824
-0.431846
-0.391824
-0.431846
-0.391824
-0.431846
-0.391824
-0.431846
-0.391824
-0.431846
-0.391824
-0.431846
-0.391824
-0.431846
-0.391824
-0.431846
-0.391824
-0.431846
-0.391824
-0.431846
-0.391824
-0.431846
-0.391824
-0.431846
-0.391824
-0.431846
-0.391824
-0.431846
-0.391824
-0.431846
-0.391824
-0.431846
-0.391824
-0.431846
-0.391824
-0.431846
-0.391824
-0.431846
-0.391824
-0.431846
-0.391824
-0.431846
-0.391824
-0.431846
-0.391824
-0.431846
-0.391824
-0.431846
-0.391824
-0.431846
-0.391824
-0.431846
-0.391824
-0.431846
-0.391824
-0.431846
-0.391824
-0.431846
-0.391824
-0.431846
-0.391824
-0.431846
-0.391824
-0.431846
-0.391824
-0.431846
-0.391824
-0.431846
-0.391824
-0.431846
-0.391824
-0.431846
-0.391824
-0.431846
-0.391824
-0.431846
-0.391824
-0.431846
-0.391824
-0.431846
-0.391824
-0.431846
-0.391824
-0.431846
-0.391824
-0.431846
-0.391824
-0.431846
-0.391824
-0.431846
-0.391824
-0.431846
-0.391824
-0.431846
-0.391824
-0.431846
-0.391824
-0.431846
-0.391824
-0.431846
-0.391824
-0.431846
-0.391824
-0.431846
-0.391824
-0.431846
-0.391824
-0.431846
-0.391824
-0.431846
-0.391824
-0.431846
-0.391824
-0.431846
-0.391824
-0.431846
-0.391824
-0.431846
-0.391824
-0.431846
-0.391824
-0.431846
-0.391824
-0.431846
-0.391824
-0.431846
-0.391824
-0.431846
-0.391824
-0.431846
-0.391824
-0.431846
-0.391824
-0.431846
-0.391824
-0.431846
-0.391824
-0.431846
-0.391824
-0.431846
-0.391824
-0.431846
-0.391824
-0.431846
-0.391824
-0.431846
-0.391824
-0.431846
-0.391824
-0.431846
-0.391824
-0.431846
-0.391824
-0.431846
-0.391824
-0.431846
-0.391824
-0.431846
-0.391824
-0.431846
-0.391824
-0.431846
-0.391824
-0.431846
-0.391824
-0.431846
-0.391824
-0.431846
-0.391824
-0.431846
-0.391824
-0.431846
-0.391824
-0.431846
-0.391824
-0.431846
-0.391824
-0.431846
-0.391824
-0.431846
-0.391824
-0.431846
-0.391824
-0.431846
-0.391824
-0.431846
-0.391824
-0.431846
-0.391824
-0.431846
-0.391824
-0.431846
-0.391824
-0.431846
-0.391824
-0.431846
-0.391824
-0.431846
-0.391824
-0.431846
-0.391824
-0.431846
-0.391824
-0.431846
-0.391824
-0.431846
-0.391824
-0.431846
-0.391824
-0.431846
-0.391824
-0.431846
-0.391824
-0.431846
-0.391824
-0.431846
-0.391824
-0.431846
-0.391824
-0.431846
-0.391824
-0.431846
-0.391824
-0.431846
-0.391824
-0.431846
-0.391824
-0.431846
-0.391824
-0.431846
-0.391824
-0.431846
-0.391824
-0.431846
-0.391824
-0.431846
-0.391824
-0.431846
-0.391824
-0.431846
-0.391824
-0.431846
-0.391824
-0.431846
-0.391824
-0.431846
-0.391824
-0.431846
-0.391824
-0.431846
-0.391824
-0.431846
-0.391824
-0.431846
-0.391824
-0.431846
-0.391824
-0.431846
-0.391824
-0.431846
-0.391824
-0.431846
-0.391824
-0.431846
-0.391824
-0.431846
-0.391824
-0.431846
-0.391824
-0.431846
-0.391824
-0.431846
-0.391824
-0.431846
-0.391824
-0.431846
-0.391824
-0.431846
-0.391824
-0.431846
-0.391824
-0.431846
-0.391824
-0.431846
-0.391824
-0.431846
-0.391824
-0.431846
-0.391824
-0.431846
-0.391824
-0.431846
-0.391824
-0.431846
-0.391824
-0.431846
-0.391824
-0.431846
-0.391824
-0.431846
-0.391824
-0.431846
-0.391824
-0.431846
-0.391824
-0.431846
-0.391824
-0.431846
-0.391824
-0.431846
-0.391824
-0.431846
-0.391824
-0.431846
-0.391824
-0.431846
-0.391824
-0.431846
-0.391824
-0.431846
-0.391824
-0.431846
-0.391824
-0.431846
-0.391824
-0.431846
-0.391824
-0.431846
-0.391824
-0.431846
-0.391824
-0.431846
-0.391824
-0.431846
-0.391824
-0.431846
-0.391824
-0.431846
-0.391824
-0.431846
-0.391824
-0.431846
-0.391824
-0.431846
-0.391824
-0.431846
-0.391824
-0.431846
-0.391824
-0.431846
-0.391824
-0.431846
-0.391824
-0.431846
-0.391824
-0.431846
-0.391824
-0.431846
-0.391824
-0.431846
-0.391824
-0.431846
-0.391824
-0.431846
-0.391824
-0.431846
-0.391824
-0.431846
-0.391824
-0.431846
-0.391824
-0.431846
-0.391824
-0.431846
-0.391824
-0.431846
-0.391824
-0.431846
-0.391824
-0.431846
-0.391824
-0.431846
-0.391824
-0.431846
-0.391824
-0.431846
-0.391824
-0.431846
-0.391824
-0.431846
-0.391824
-0.431846
-0.391824
-0.431846
-0.391824
-0.431846
-0.391824
-0.431846
-0.391824
-0.431846
-0.391824
-0.431846
-0.391824
-0.431846
-0.391824
-0.431846
-0.391824
-0.431846
-0.391824
-0.431846
-0.391824
-0.431846
-0.391824
-0.431846
-0.391824
-0.431846
-0.391824
-0.431846
-0.391824
-0.431846
-0.391824
-0.431846
-0.391824
-0.431846
-0.391824
-0.431846
-0.391824
-0.431846
-0.391824
-0.431846
-0.391824
-0.431846
-0.391824
-0.431846
-0.391824
-0.431846
-0.391824
-0.431846
-0.391824
-0.431846
-0.391824
-0.431846
-0.391824
-0.431846
-0.391824
-0.431846
-0.391824
-0.431846
-0.391824
-0.431846
-0.391824
-0.431846
-0.391824
-0.431846
-0.391824
-0.431846
-0.391824
-0.431846
-0.391824
-0.431846
-0.391824
-0.431846
-0.391824
-0.431846
-0.391824
-0.431846
-0.391824
-0.431846
-0.391824
-0.431846
-0.391824
-0.431846
-0.391824
-0.431846
-0.391824
-0.431846
-0.391824
-0.431846
-0.391824
-0.431846
-0.391824
-0.431846
-0.391824
-0.431846
-0.391824
-0.431846
-0.391824
-0.431846
-0.391824
-0.431846
-0.391824
-0.431846
-0.391824
-0.431846
-0.391824
-0.431846
-0.391824
-0.431846
-0.391824
-0.431846
-0.391824
-0.431846
-0.391824
-0.431846
-0.391824
-0.431846
-0.391824
-0.431846
-0.391824
-0.431846
-0.391824
-0.431846
-0.391824
-0.431846
-0.391824
-0.431846
-0.391824
-0.431846
-0.391824
-0.431846
-0.391824
-0.431846
-0.391824
-0.431846
-0.391824
-0.431846
-0.391824
-0.431846
-0.391824
-0.431846
-0.391824
-0.431846
-0.391824
-0.431846
-0.391824
-0.431846
-0.391824
-0.431846
-0.391824
-0.431846
-0.391824
-0.431846
-0.391824
-0.431846
-0.391824
-0.431846
-0.391824
-0.431846
-0.391824
-0.431846
-0.391824
-0.431846
-0.391824
-0.431846
-0.391824
-0.431846
-0.391824
-0.431846
-0.391824
-0.431846
-0.391824
-0.431846
-0.391824
-0.431846
-0.391824
-0.431846
-0.391824
-0.431846
-0.391824
-0.431846
-0.391824
-0.431846
-0.391824
-0.431846
-0.391824
-0.431846
-0.391824
-0.431846
-0.391824
-0.431846
-0.391824
-0.431846
-0.391824
-0.431846
-0.391824
-0.431846
-0.391824
-0.431846
-0.391824
-0.431846
-0.391824
-0.431846
-0.391824
-0.431846
-0.391824
-0.431846
-0.391824
-0.431846
-0.391824
-0.431846
-0.391824
-0.431846
-0.391824
-0.431846
-0.391824
-0.431846
-0.391824
-0.431846
-0.391824
-0.431846
-0.391824
-0.431846
-0.391824
-0.431846
-0.391824
-0.431846
-0.391824
-0.431846
-0.391824
-0.431846
-0.391824
-0.431846
-0.391824
-0.431846
-0.391824
-0.431846
-0.391824
-0.431846
-0.391824
-0.431846
-0.391824
-0.431846
-0.391824
-0.431846
-0.391824
-0.431846
-0.391824
-0.431846
-0.391824
-0.431846
-0.391824
-0.431846
-0.391824
-0.431846
-0.391824
-0.431846
-0.391824
-0.431846
-0.391824
-0.431846
-0.391824
-0.431846
-0.391824
-0.431846
-0.391824
-0.431846
-0.391824
-0.431846
-0.391824
-0.431846
-0.391824
-0.431846
-0.391824
-0.431846
-0.391824
-0.431846
-0.391824
-0.431846
-0.391824
-0.431846
-0.391824
-0.431846
-0.391824
-0.431846
-0.391824
-0.431846
-0.391824
-0.431846
-0.391824
-0.431846
-0.391824
-0.431846
-0.391824
-0.431846
-0.391824
-0.431846
-0.391824
-0.431846
-0.391824
-0.431846
-0.391824
-0.431846
-0.391824
-0.431846
-0.391824
-0.431846
-0.391824
-0.431846
-0.391824
-0.431846
-0.391824
-0.431846
-0.391824
-0.431846
-0.391824
-0.431846
-0.391824
-0.431846
-0.391824
-0.431846
-0.391824
-0.431846
-0.391824
-0.431846
-0.391824
-0.431846
-0.391824
-0.431846
-0.391824
-0.431846
-0.391824
-0.431846
-0.391824
-0.431846
-0.391824
-0.431846
-0.391824
-0.431846
-0.391824
-0.431846
-0.391824
-0.431846
-0.391824
-0.431846
-0.391824
-0.431846
-0.391824
-0.431846
-0.391824
-0.431846
-0.391824
-0.431846
-0.391824
-0.431846
-0.391824
-0.431846
-0.391824
-0.431846
-0.391824
-0.431846
-0.391824
-0.431846
-0.391824
-0.431846
-0.391824
-0.431846
-0.391824
-0.431846
-0.391824
-0.431846
-0.391824
-0.431846
-0.391824
-0.431846
-0.391824
-0.431846
-0.391824
-0.431846
-0.391824
-0.431846
-0.391824
-0.431846
-0.391824
-0.431846
-0.391824
-0.431846
-0.391824
-0.431846
-0.391824
-0.431846
-0.391824
-0.431846
-0.391824
-0.431846
-0.391824
-0.431846
-0.391824
-0.431846
-0.391824
-0.431846
-0.391824
-0.431846
-0.391824
-0.431846
-0.391824
-0.431846
-0.391824
-0.431846
-0.391824
-0.431846
-0.391824
-0.431846
-0.391824
-0.431846
-0.391824
-0.431846
-0.391824
-0.431846
-0.391824
-0.431846
-0.391824
-0.431846
-0.391824
-0.431846
-0.391824
-0.431846
-0.391824
-0.431846
-0.391824
-0.431846
-0.391824
-0.431846
-0.391824
-0.431846
-0.391824
-0.431846
-0.391824
-0.431846
-0.391824
-0.431846
-0.391824
-0.431846
-0.391824
-0.431846
-0.391824
-0.431846
-0.391824
-0.431846
-0.391824
-0.431846
-0.391824
-0.431846
-0.391824
-0.431846
-0.391824
-0.431846
-0.391824
-0.431846
-0.391824
-0.431846
-0.391824
-0.431846
-0.391824
-0.431846
-0.391824
-0.431846
-0.391824
-0.431846
-0.391824
-0.431846
-0.391824
-0.431846
-0.391824
-0.431846
-0.391824
-0.431846
-0.391824
-0.431846
-0.391824
-0.431846
-0.391824
-0.431846
-0.391824
-0.431846
-0.391824
-0.431846
-0.391824
-0.431846
-0.391824
-0.431846
-0.391824
-0.431846
-0.391824
-0.431846
-0.391824
-0.431846
-0.391824
-0.431846
-0.391824
-0.431846
-0.391824
-0.431846
-0.391824
-0.431846
-0.391824
-0.431846
-0.391824
-0.431846
-0.391824
-0.431846
-0.391824
-0.431846
-0.391824
-0.431846
-0.391824
-0.431846
-0.391824
-0.431846
-0.391824
-0.431846
-0.391824
-0.431846
-0.391824
-0.431846
-0.391824
-0.431846
-0.391824
-0.431846
-0.391824
-0.431846
-0.391824
-0.431846
-0.391824
-0.431846
-0.391824
-0.431846
-0.391824
-0.431846
-0.391824
-0.431846
-0.391824
-0.431846
-0.391824
-0.431846
-0.391824
-0.431846
-0.391824
-0.431846
-0.391824
-0.431846
-0.391824
-0.431846
-0.391824
-0.431846
-0.391824
-0.431846
-0.391824
-0.431846
-0.391824
-0.431846
-0.391824
-0.431846
-0.391824
-0.431846
-0.391824
-0.431846
-0.391824
-0.431846
-0.391824
-0.431846
-0.391824
-0.431846
-0.391824
-0.431846
-0.391824
-0.431846
-0.391824
-0.431846
-0.391824
-0.431846
-0.391824
-0.431846
-0.391824
-0.431846
-0.391824
-0.431846
-0.391824
-0.431846
-0.391824
-0.431846
-0.391824
-0.431846
-0.391824
-0.431846
-0.391824
-0.431846
-0.391824
-0.431846
-0.391824
-0.431846
-0.391824
-0.431846
-0.391824
-0.431846
-0.391824
-0.431846
-0.391824
-0.431846
-0.391824
-0.431846
-0.391824
-0.431846
-0.391824
-0.431846
-0.391824
-0.431846
-0.391824
-0.431846
-0.391824
-0.431846
-0.391824
-0.431846
-0.391824
-0.431846
-0.391824
-0.431846
-0.391824
-0.431846
-0.391824
-0.431846
-0.391824
-0.431846
-0.391824
-0.431846
-0.391824
-0.431846
-0.391824
-0.431846
-0.391824
-0.431846
-0.391824
-0.431846
-0.391824
-0.431846
-0.391824
-0.431846
-0.391824
-0.431846
-0.391824
-0.431846
-0.391824
-0.431846
-0.391824
-0.431846
-0.391824
-0.431846
-0.391824
-0.431846
-0.391824
-0.431846
-0.391824
-0.431846
-0.391824
-0.431846
-0.391824
-0.431846
-0.391824
-0.431846
-0.391824
-0.431846
-0.391824
-0.431846
-0.391824
-0.431846
-0.391824
-0.431846
-0.391824
-0.431846
-0.391824
-0.431846
-0.391824
-0.431846
-0.391824
-0.431846
-0.391824
-0.431846
-0.391824
-0.431846
-0.391824
-0.431846
-0.391824
-0.431846
-0.391824
-0.431846
-0.391824
-0.431846
-0.391824
-0.431846
-0.391824
-0.431846
-0.391824
-0.431846
-0.391824
-0.431846
-0.391824
-0.431846
-0.391824
-0.431846
-0.391824
-0.431846
-0.391824
-0.431846
-0.391824
-0.431846
-0.391824
-0.431846
-0.391824
-0.431846
-0.391824
-0.431846
-0.391824
-0.431846
-0.391824
-0.431846
-0.391824
-0.431846
-0.391824
-0.431846
-0.391824
-0.431846
-0.391824
-0.431846
-0.391824
-0.431846
-0.391824
-0.431846
-0.391824
-0.431846
-0.391824
-0.431846
-0.391824
-0.431846
-0.391824
-0.431846
-0.391824
-0.431846
-0.391824
-0.431846
-0.391824
-0.431846
-0.391824
-0.431846
-0.391824
-0.431846
-0.391824
-0.431846
-0.391824
-0.431846
-0.391824
-0.431846
-0.391824
-0.431846
-0.391824
-0.431846
-0.391824
-0.431846
-0.391824
-0.431846
-0.391824
-0.431846
-0.391824
-0.431846
-0.391824
-0.431846
-0.391824
-0.431846
-0.391824
-0.431846
-0.391824
-0.431846
-0.391824
-0.431846
-0.391824
-0.431846
-0.391824
-0.431846
-0.391824
-0.431846
-0.391824
-0.431846
-0.391824
-0.431846
-0.391824
-0.431846
-0.391824
-0.431846
-0.391824
-0.431846
-0.391824
-0.431846
-0.391824
-0.431846
-0.391824
-0.431846
-0.391824
-0.431846
-0.391824
-0.431846
-0.391824
-0.431846
-0.391824
-0.431846
-0.391824
-0.431846
-0.391824
-0.431846
-0.391824
-0.431846
-0.391824
-0.431846
-0.391824
-0.431846
-0.391824
-0.431846
-0.391824
-0.431846
-0.391824
-0.431846
-0.391824
-0.431846
-0.391824
-0.431846
-0.391824
-0.431846
-0.391824
-0.431846
-0.391824
-0.431846
-0.391824
-0.431846
-0.391824
-0.431846
-0.391824
-0.431846
-0.391824
-0.431846
-0.391824
-0.431846
-0.391824
-0.431846
-0.391824
-0.431846
-0.391824
-0.431846
-0.391824
-0.431846
-0.391824
-0.431846
-0.391824
-0.431846
-0.391824
-0.431846
-0.391824
-0.431846
-0.391824
-0.431846
-0.391824
-0.431846
-0.391824
-0.431846
-0.391824
-0.431846
-0.391824
-0.431846
-0.391824
-0.431846
-0.391824
-0.431846
-0.391824
-0.431846
-0.391824
-0.431846
-0.391824
-0.431846
-0.391824
-0.431846
-0.391824
-0.431846
-0.391824
-0.431846
-0.391824
-0.431846
-0.391824
-0.431846
-0.391824
-0.431846
-0.391824
-0.431846
-0.391824
-0.431846
-0.391824
-0.431846
-0.391824
-0.431846
-0.391824
-0.431846
-0.391824
-0.431846
-0.391824
-0.431846
-0.391824
-0.431846
-0.391824
-0.431846
-0.391824
-0.431846
-0.391824
-0.431846
-0.391824
-0.431846
-0.391824
-0.431846
-0.391824
-0.431846
-0.391824
-0.431846
-0.391824
-0.431846
-0.391824
-0.431846
-0.391824
-0.431846
-0.391824
-0.431846
-0.391824
-0.431846
-0.391824
-0.431846
-0.391824
-0.431846
-0.391824
-0.431846
-0.391824
-0.431846
-0.391824
-0.431846
-0.391824
-0.431846
-0.391824
-0.431846
-0.391824
-0.431846
-0.391824
-0.431846
-0.391824
-0.431846
-0.391824
-0.431846
-0.391824
-0.431846
-0.391824
-0.431846
-0.391824
-0.431846
-0.391824
-0.431846
-0.391824
-0.431846
-0.391824
-0.431846
-0.391824
-0.431846
-0.391824
-0.431846
-0.391824
-0.431846
-0.391824
-0.431846
-0.391824
-0.431846
