17.603821
25.429745
32.768295
39.663498
46.481316
53.020844
16.000000
24.630566
33.047218
40.770100
48.571232
55.446819
16.000000
25.568514
34.929802
43.068382
51.612198
16.000000
26.620781
35.916306
44.830109
54.027786
16.000000
26.841251
37.556747
47.101685
16.000000
27.301540
37.979481
48.365128
16.000000
28.708990
40.186604
50.960873
16.000000
29.130215
41.058758
52.606152
16.000000
29.319027
42.081089
54.005436
16.000000
29.763103
42.514114
54.545654
16.000000
30.570435
43.766884
16.000000
30.803577
44.764545
16.000000
31.044365
45.975868
16.000000
31.450912
46.429138
16.000000
32.396461
47.840843
16.000000
33.070549
48.823490
16.000000
32.928108
49.279060
16.000000
33.833809
49.765450
16.000000
33.707726
50.531876
16.000000
34.515701
51.047363
16.000000
34.456413
51.489441
16.000000
34.749443
52.450256
16.000000
34.822033
52.093960
16.000000
35.354355
53.420654
16.000000
35.146118
53.339333
16.000000
35.940380
54.340492
16.000000
35.925095
54.018642
16.000000
35.838303
54.594551
16.000000
36.076988
54.665565
16.000000
35.905769
54.923847
16.000000
35.984528
55.366295
16.000000
36.154449
54.761219
16.000000
36.557079
16.000000
36.860893
16.000000
37.182793
16.000000
37.813629
16.000000
38.272110
16.000000
38.317024
16.000000
38.640312
16.000000
39.304394
16.000000
39.629642
16.000000
39.495079
16.000000
39.826241
16.000000
40.345192
16.000000
40.367943
16.000000
40.437111
16.000000
40.305267
16.000000
40.965870
16.000000
40.785408
16.000000
41.585052
16.000000
41.504044
16.000000
41.207710
16.000000
41.372803
16.000000
42.138504
16.000000
41.524727
16.000000
42.266678
16.000000
42.733044
16.000000
42.675972
16.000000
42.046951
16.000000
42.738686
16.000000
42.265835
16.000000
42.903965
16.000000
42.970856
16.000000
42.852089
16.000000
43.252438
16.000000
42.794571
16.000000
43.251457
16.000000
43.571724
16.000000
43.192162
16.000000
43.373001
16.000000
44.023186
16.000000
44.089638
16.000000
43.854359
16.000000
44.185669
16.000000
43.636383
16.000000
43.660748
16.000000
43.820152
16.000000
43.854828
16.000000
43.688526
16.000000
44.133591
16.000000
44.171658
16.000000
43.886986
16.000000
44.423866
16.000000
44.119278
16.000000
44.155251
16.000000
44.232986
16.000000
44.499893
16.000000
44.460922
16.000000
44.762466
16.000000
43.933044
16.000000
44.596283
16.000000
44.359520
16.000000
44.074509
16.000000
44.437744
16.000000
44.245552
16.000000
44.187653
16.000000
44.173111
16.000000
44.152454
16.000000
45.064888
16.000000
45.051552
16.000000
45.083660
16.000000
44.490433
16.000000
44.667931
16.000000
44.787849
16.000000
45.188103
16.000000
44.790768
16.000000
44.605194
16.000000
44.421471
16.000000
45.029839
16.000000
44.842403
16.000000
45.114170
16.000000
44.730751
16.000000
44.495922
16.000000
45.063370
16.000000
45.204361
16.000000
44.656811
16.000000
45.066238
16.000000
45.124344
16.000000
44.394867
16.000000
44.952919
16.000000
44.704548
16.000000
45.208710
16.000000
44.651657
16.000000
45.026169
16.000000
45.297726
16.000000
44.458382
16.000000
44.829239
16.000000
45.268059
16.000000
44.637352
16.000000
45.008415
16.000000
44.963570
16.000000
45.359989
16.000000
44.931351
16.000000
45.148354
16.000000
45.071804
16.000000
44.666107
16.000000
45.273922
16.000000
44.447273
16.000000
44.829262
16.000000
44.906960
16.000000
44.512249
16.000000
44.531506
16.000000
44.479187
16.000000
45.100594
16.000000
44.949623
16.000000
44.580338
16.000000
45.019234
16.000000
45.138691
16.000000
44.761715
16.000000
44.797005
16.000000
44.628010
16.000000
45.325073
16.000000
44.650024
16.000000
44.494789
16.000000
44.779427
16.000000
44.734634
16.000000
45.207504
16.000000
44.802685
16.000000
44.462051
16.000000
44.474258
16.000000
44.891434
16.000000
45.050556
16.000000
45.041409
16.000000
45.324791
16.000000
44.950333
16.000000
44.474880
16.000000
45.221939
16.000000
45.284279
16.000000
45.175854
16.000000
44.805000
16.000000
45.417675
16.000000
44.717392
16.000000
44.534164
16.000000
45.188896
16.000000
44.490582
16.000000
44.983116
16.000000
44.614647
16.000000
44.472275
16.000000
44.730068
16.000000
45.254036
16.000000
45.176910
16.000000
44.586617
16.000000
44.848145
16.000000
45.235233
16.000000
44.728889
16.000000
45.221291
16.000000
44.818649
16.000000
45.016312
16.000000
45.427025
16.000000
44.770363
16.000000
44.580605
16.000000
45.099449
16.000000
45.162498
16.000000
44.811058
16.000000
45.177982
16.000000
44.575729
16.000000
44.543404
16.000000
44.598679
16.000000
45.361359
16.000000
45.128242
16.000000
44.897552
16.000000
44.736168
16.000000
45.036190
16.000000
44.892433
16.000000
44.727005
16.000000
45.019070
16.000000
45.341087
16.000000
45.434734
16.000000
44.719566
16.000000
44.711685
16.000000
44.684425
16.000000
45.235966
16.000000
44.864552
16.000000
44.700623
16.000000
44.547768
16.000000
44.487381
16.000000
44.955200
16.000000
44.982315
16.000000
44.756279
16.000000
44.992508
16.000000
45.260246
16.000000
45.277439
16.000000
45.348286
16.000000
45.021439
16.000000
44.713379
16.000000
44.971603
16.000000
45.065239
16.000000
45.093410
16.000000
45.149078
16.000000
44.888893
16.000000
45.058296
16.000000
45.408401
16.000000
45.046196
16.000000
44.982681
16.000000
45.009483
16.000000
45.363823
16.000000
44.897797
16.000000
45.309219
16.000000
44.470840
16.000000
45.431702
16.000000
45.422379
16.000000
45.216595
16.000000
44.924747
16.000000
44.796089
16.000000
44.772987
16.000000
45.147881
16.000000
44.816460
16.000000
44.615421
16.000000
44.531864
16.000000
44.677055
16.000000
44.667984
16.000000
45.302116
16.000000
44.645432
16.000000
45.355270
16.000000
44.715961
16.000000
44.620636
16.000000
44.579025
16.000000
44.918907
16.000000
45.389732
16.000000
44.650543
16.000000
45.057602
16.000000
44.741219
16.000000
44.621006
16.000000
45.359909
16.000000
45.179047
16.000000
45.379642
16.000000
45.010002
16.000000
45.153358
16.000000
45.360916
16.000000
44.755424
16.000000
45.421066
16.000000
44.713604
16.000000
44.515152
16.000000
45.175537
16.000000
44.618809
16.000000
44.561005
16.000000
45.055717
16.000000
45.022575
16.000000
45.138298
16.000000
45.024815
16.000000
45.066322
16.000000
44.617374
16.000000
45.431000
16.000000
45.282669
16.000000
44.804924
16.000000
44.727734
16.000000
45.349072
16.000000
44.646530
16.000000
45.403843
16.000000
44.653675
16.000000
44.861645
16.000000
44.463226
16.000000
45.134506
16.000000
45.175228
16.000000
45.068375
16.000000
45.114487
16.000000
45.366402
16.000000
44.970268
16.000000
45.268349
16.000000
45.377640
16.000000
45.296761
16.000000
44.667717
16.000000
44.754387
16.000000
44.912010
16.000000
44.466698
16.000000
44.929131
16.000000
44.790085
16.000000
44.909454
16.000000
45.229542
16.000000
45.362274
16.000000
44.774323
16.000000
45.168457
16.000000
44.504799
16.000000
44.871788
16.000000
44.791428
16.000000
44.694557
16.000000
44.769012
16.000000
44.465080
16.000000
44.744358
16.000000
44.811485
16.000000
45.358986
16.000000
45.166374
16.000000
45.147385
16.000000
45.436989
16.000000
45.356346
16.000000
45.247379
16.000000
45.023987
16.000000
45.082298
16.000000
45.277885
16.000000
44.488892
16.000000
44.492233
16.000000
44.831791
16.000000
45.036907
16.000000
45.263031
16.000000
45.262207
16.000000
44.838371
16.000000
45.381512
16.000000
45.227837
16.000000
45.228603
16.000000
45.434402
16.000000
44.462318
16.000000
44.533737
16.000000
45.417465
16.000000
44.614388
16.000000
44.589359
16.000000
45.100471
16.000000
44.563141
16.000000
45.176361
16.000000
45.101349
16.000000
44.461349
16.000000
44.716522
16.000000
44.702976
16.000000
44.644630
16.000000
44.771362
16.000000
45.038647
16.000000
45.306908
16.000000
45.230633
16.000000
44.799385
16.000000
45.251110
16.000000
45.417465
16.000000
44.572006
16.000000
45.208031
16.000000
44.550285
16.000000
45.016090
16.000000
44.738365
16.000000
44.988426
16.000000
45.420227
16.000000
45.279366
16.000000
45.001270
16.000000
44.793633
16.000000
45.087799
16.000000
45.438324
16.000000
44.980610
16.000000
45.004093
16.000000
44.873840
16.000000
45.047508
16.000000
45.074066
16.000000
45.277203
16.000000
44.837009
16.000000
45.084534
16.000000
45.314087
16.000000
45.139824
16.000000
44.850220
16.000000
45.371590
16.000000
44.576042
16.000000
45.123932
16.000000
45.142944
16.000000
44.711899
16.000000
45.060020
16.000000
44.774818
16.000000
45.296440
16.000000
44.757095
16.000000
44.879150
16.000000
45.157265
16.000000
45.297020
16.000000
45.093861
16.000000
45.352360
16.000000
44.670998
16.000000
45.152878
16.000000
44.949543
16.000000
45.381454
16.000000
45.039383
16.000000
45.201370
16.000000
45.392162
16.000000
44.964561
16.000000
44.575340
16.000000
45.104179
16.000000
45.192879
16.000000
44.516060
16.000000
44.715271
16.000000
44.523834
16.000000
44.822659
16.000000
44.669098
16.000000
45.361416
16.000000
44.469494
16.000000
44.697411
16.000000
45.321205
16.000000
44.506996
16.000000
45.103180
16.000000
45.031258
16.000000
45.344849
16.000000
45.366867
16.000000
44.733551
16.000000
45.298191
16.000000
45.290466
16.000000
45.279358
16.000000
44.979271
16.000000
44.587746
16.000000
45.362537
16.000000
44.778374
16.000000
44.707169
16.000000
45.005203
16.000000
45.205914
16.000000
45.094910
16.000000
44.901817
16.000000
45.402893
16.000000
44.656521
16.000000
45.077011
16.000000
45.330360
16.000000
44.682270
16.000000
44.900211
16.000000
44.851070
16.000000
44.622719
16.000000
45.154869
16.000000
44.930912
16.000000
44.551750
16.000000
45.288063
16.000000
45.201214
16.000000
44.778564
16.000000
44.678505
16.000000
44.525131
16.000000
44.494873
16.000000
44.609043
16.000000
45.136040
16.000000
45.012722
16.000000
45.314781
16.000000
44.690189
16.000000
44.783028
16.000000
44.935768
16.000000
45.319916
16.000000
45.422501
16.000000
44.721218
16.000000
44.598518
16.000000
44.835297
16.000000
44.880417
16.000000
45.040417
16.000000
44.766121
16.000000
44.644588
16.000000
44.758667
16.000000
45.442680
16.000000
45.190613
16.000000
44.630211
16.000000
44.896057
16.000000
45.214928
16.000000
45.310707
16.000000
44.788010
16.000000
45.392097
16.000000
44.461548
16.000000
44.607357
16.000000
44.996895
16.000000
44.880295
16.000000
45.273193
16.000000
45.266830
16.000000
45.430710
16.000000
45.414848
16.000000
45.073730
16.000000
44.569298
16.000000
44.641357
16.000000
44.794365
16.000000
45.235901
16.000000
45.041782
16.000000
44.957489
16.000000
44.992420
16.000000
44.691704
16.000000
45.189190
16.000000
44.537998
16.000000
44.780148
16.000000
44.867496
16.000000
45.447296
16.000000
45.440685
16.000000
44.835217
16.000000
45.008427
16.000000
45.117653
16.000000
45.106697
16.000000
44.554703
16.000000
44.644577
16.000000
44.703274
16.000000
44.595592
16.000000
44.504913
16.000000
44.528084
16.000000
44.566025
16.000000
45.324753
16.000000
44.882599
16.000000
45.089401
16.000000
44.551662
16.000000
44.594765
16.000000
44.795296
16.000000
44.486710
16.000000
45.268379
16.000000
44.765167
16.000000
44.952759
16.000000
44.612656
16.000000
45.114979
16.000000
44.490433
16.000000
44.630703
16.000000
44.951698
16.000000
45.054001
16.000000
45.385895
16.000000
45.265305
16.000000
44.641151
16.000000
45.192371
16.000000
45.448765
16.000000
44.903004
16.000000
45.361145
16.000000
44.467899
16.000000
45.379036
16.000000
44.548401
16.000000
44.994164
16.000000
45.123711
16.000000
44.892113
16.000000
44.620796
16.000000
45.421124
16.000000
44.817837
16.000000
44.537918
16.000000
44.713791
16.000000
45.133381
16.000000
44.838371
16.000000
44.806976
16.000000
44.535614
16.000000
45.105267
16.000000
44.643467
16.000000
44.729118
16.000000
44.529991
16.000000
44.970394
16.000000
45.014450
16.000000
45.436821
16.000000
45.445518
16.000000
44.670982
16.000000
44.568787
16.000000
44.760330
16.000000
44.512383
16.000000
45.142288
16.000000
44.829460
16.000000
45.100895
16.000000
45.091549
16.000000
45.148094
16.000000
45.370228
16.000000
44.541634
16.000000
44.852524
16.000000
44.453999
16.000000
44.864388
16.000000
44.562340
16.000000
45.161606
16.000000
45.385258
16.000000
45.271507
16.000000
45.002213
16.000000
44.886772
16.000000
45.437546
16.000000
45.336067
16.000000
45.167686
16.000000
44.593086
16.000000
44.667412
16.000000
44.912201
16.000000
45.132065
16.000000
45.228416
16.000000
44.825050
16.000000
45.363075
16.000000
45.219303
16.000000
44.785828
16.000000
45.369888
16.000000
45.349693
16.000000
44.968678
16.000000
44.789612
16.000000
45.049316
16.000000
45.271339
16.000000
44.652416
16.000000
44.507519
16.000000
44.823578
16.000000
44.633110
16.000000
44.526924
16.000000
45.221111
16.000000
44.698162
16.000000
44.747578
16.000000
44.634434
16.000000
45.062199
16.000000
45.218632
16.000000
44.740135
16.000000
45.074989
16.000000
45.119625
16.000000
45.427071
16.000000
45.080574
16.000000
45.215878
16.000000
45.347878
16.000000
45.260460
16.000000
45.142258
16.000000
45.329472
16.000000
44.571335
16.000000
44.534477
16.000000
44.506882
16.000000
45.365841
16.000000
45.268612
16.000000
44.592857
16.000000
44.775539
16.000000
44.853844
16.000000
44.750832
16.000000
45.080437
16.000000
44.549583
16.000000
44.622704
16.000000
44.680862
16.000000
44.813129
16.000000
44.952641
16.000000
44.632149
16.000000
45.274055
16.000000
44.457138
16.000000
45.004341
16.000000
44.768066
16.000000
44.665936
16.000000
45.094070
16.000000
44.897934
16.000000
45.214478
16.000000
44.945374
16.000000
45.355286
16.000000
45.241993
16.000000
45.087936
16.000000
44.649048
16.000000
45.118389
16.000000
45.267357
16.000000
44.933151
16.000000
45.246117
16.000000
44.803490
16.000000
45.226906
16.000000
44.657990
16.000000
44.901443
16.000000
44.807602
16.000000
44.688271
16.000000
45.247326
16.000000
44.545815
16.000000
44.676498
16.000000
45.208828
16.000000
45.170128
16.000000
44.793900
16.000000
45.269264
16.000000
44.915409
16.000000
44.965679
16.000000
45.065136
16.000000
45.012161
16.000000
44.911171
16.000000
45.355537
16.000000
44.690948
16.000000
44.577122
16.000000
44.865913
16.000000
44.780869
16.000000
45.267738
16.000000
44.664726
16.000000
45.301254
16.000000
45.055634
16.000000
45.259628
16.000000
45.189819
16.000000
45.326515
16.000000
44.501266
16.000000
44.639557
16.000000
44.978989
16.000000
45.343758
16.000000
44.552719
16.000000
44.505692
16.000000
44.682571
16.000000
45.168209
16.000000
45.074242
16.000000
44.816154
16.000000
45.242455
16.000000
44.640892
16.000000
44.960968
16.000000
45.189610
16.000000
44.838718
16.000000
44.757248
16.000000
45.272861
16.000000
44.807549
16.000000
44.666878
16.000000
45.177261
16.000000
44.958672
16.000000
45.367661
16.000000
44.885757
16.000000
45.104736
16.000000
45.209869
16.000000
44.788410
16.000000
44.515610
16.000000
44.530739
16.000000
44.977028
16.000000
45.408344
16.000000
44.765160
16.000000
44.859360
16.000000
44.636658
16.000000
45.270157
16.000000
45.062988
16.000000
45.113098
16.000000
44.951019
16.000000
44.584263
16.000000
44.955532
16.000000
45.207455
16.000000
45.386192
16.000000
45.330116
16.000000
44.998215
16.000000
45.435776
16.000000
44.996082
16.000000
44.827412
16.000000
45.195473
16.000000
44.821167
16.000000
44.658005
16.000000
44.871033
16.000000
45.431862
16.000000
44.643311
16.000000
45.023537
16.000000
44.605484
16.000000
44.503860
16.000000
44.918961
16.000000
45.172413
16.000000
44.907204
16.000000
44.519646
16.000000
45.280548
16.000000
44.667000
16.000000
45.376865
16.000000
45.225929
16.000000
44.933502
16.000000
45.339527
16.000000
45.438522
16.000000
45.160595
16.000000
44.458916
16.000000
45.150837
16.000000
44.894463
16.000000
44.954411
16.000000
44.557617
16.000000
44.479336
16.000000
45.410507
16.000000
44.727455
16.000000
45.125896
16.000000
44.863010
16.000000
45.387779
16.000000
45.032330
16.000000
45.335533
16.000000
44.572372
16.000000
44.565914
16.000000
44.811172
16.000000
44.528984
16.000000
44.707981
16.000000
45.436375
16.000000
45.375736
16.000000
45.097244
16.000000
45.381969
16.000000
45.072891
16.000000
44.977997
16.000000
44.718300
16.000000
45.258434
16.000000
45.281052
16.000000
44.833313
16.000000
44.973167
16.000000
45.358334
16.000000
44.664421
16.000000
44.470543
16.000000
45.376610
16.000000
45.302101
16.000000
45.302429
16.000000
44.920792
16.000000
44.707451
16.000000
45.124401
16.000000
45.301659
16.000000
45.153973
16.000000
44.834290
16.000000
44.918610
16.000000
45.194107
16.000000
44.772728
16.000000
45.294811
16.000000
45.015339
16.000000
45.060539
16.000000
45.425186
16.000000
44.831692
16.000000
44.611458
16.000000
45.280140
16.000000
44.956467
16.000000
45.392548
16.000000
45.327259
16.000000
44.723068
16.000000
45.069611
16.000000
44.463379
16.000000
45.124264
16.000000
45.156330
16.000000
44.935455
16.000000
45.274601
16.000000
45.118355
16.000000
44.480141
16.000000
45.144634
16.000000
45.406265
16.000000
44.930855
16.000000
44.569382
16.000000
44.587791
16.000000
44.803886
16.000000
45.234795
16.000000
45.251152
16.000000
45.356003
16.000000
45.023651
16.000000
44.455170
16.000000
44.825195
16.000000
45.011002
16.000000
45.136257
16.000000
45.398819
16.000000
44.459381
16.000000
45.271675
16.000000
44.941471
16.000000
45.303436
16.000000
44.738472
16.000000
44.518105
16.000000
44.761909
16.000000
45.007538
16.000000
44.667347
16.000000
45.111275
16.000000
44.935665
16.000000
44.980976
16.000000
45.026443
16.000000
44.931633
16.000000
44.540035
16.000000
44.541000
16.000000
44.726692
16.000000
45.362022
16.000000
45.071167
16.000000
45.415947
16.000000
45.019150
16.000000
44.479061
16.000000
44.615440
16.000000
45.368835
16.000000
45.083229
16.000000
45.099136
16.000000
45.369568
16.000000
45.389519
16.000000
45.439816
16.000000
44.605965
16.000000
44.707642
16.000000
45.291069
16.000000
44.460056
16.000000
45.134960
16.000000
45.047478
16.000000
45.151249
16.000000
44.938065
16.000000
45.414154
16.000000
45.157822
16.000000
45.091179
16.000000
44.681038
16.000000
45.410484
16.000000
44.997147
16.000000
45.333786
16.000000
45.150990
16.000000
44.902580
16.000000
44.929855
16.000000
44.460770
16.000000
45.180481
16.000000
44.727913
16.000000
45.094173
16.000000
44.889748
16.000000
45.067581
16.000000
45.302261
16.000000
45.383324
16.000000
45.077606
16.000000
44.713409
16.000000
45.427315
16.000000
45.047104
16.000000
44.858009
16.000000
45.370216
16.000000
45.081577
16.000000
44.671448
16.000000
45.188454
16.000000
45.443871
16.000000
44.959423
16.000000
44.754662
16.000000
45.196659
16.000000
44.709724
16.000000
44.565601
16.000000
44.506973
16.000000
45.065353
16.000000
45.054691
16.000000
44.655296
16.000000
45.320496
16.000000
45.090275
16.000000
45.200172
16.000000
44.672600
16.000000
44.617962
16.000000
45.187428
16.000000
44.618019
16.000000
44.551323
16.000000
45.446175
16.000000
44.472065
16.000000
45.001644
16.000000
44.980518
16.000000
44.635033
16.000000
45.406353
16.000000
45.252563
16.000000
44.802963
16.000000
44.892136
16.000000
44.742931
16.000000
45.255047
16.000000
45.120567
16.000000
45.206703
16.000000
44.795444
16.000000
45.168732
16.000000
45.121338
16.000000
44.797523
16.000000
45.333710
16.000000
45.093842
16.000000
45.181744
16.000000
44.979473
16.000000
45.395996
16.000000
44.779305
16.000000
45.407661
16.000000
44.968925
16.000000
44.911175
16.000000
44.939781
16.000000
44.579338
16.000000
44.942787
16.000000
45.355667
16.000000
45.036732
16.000000
45.402439
16.000000
45.446793
16.000000
44.631153
16.000000
44.486359
16.000000
44.977119
16.000000
44.919174
16.000000
45.320160
16.000000
44.807388
16.000000
44.600433
16.000000
45.051353
16.000000
45.025833
16.000000
44.555862
16.000000
45.353603
16.000000
45.365906
16.000000
45.079033
16.000000
44.608139
16.000000
44.500381
16.000000
45.137894
16.000000
44.634445
16.000000
44.638851
16.000000
44.661469
16.000000
45.093010
16.000000
44.975571
16.000000
44.805908
16.000000
45.037422
16.000000
44.914341
16.000000
44.785210
16.000000
44.474037
16.000000
44.843807
16.000000
44.699883
16.000000
44.837990
16.000000
44.527302
16.000000
45.304787
16.000000
45.105736
16.000000
45.299309
16.000000
45.174644
16.000000
44.618549
16.000000
45.153324
16.000000
45.436710
16.000000
44.509758
16.000000
44.598869
16.000000
44.553127
16.000000
44.513870
16.000000
44.847359
16.000000
44.811634
16.000000
44.931622
16.000000
45.236546
16.000000
45.382141
16.000000
45.335129
16.000000
44.601402
16.000000
45.397003
16.000000
45.106377
16.000000
45.378246
16.000000
44.478104
16.000000
44.635983
16.000000
45.076897
16.000000
44.821617
16.000000
45.171188
16.000000
44.612717
16.000000
45.058086
16.000000
45.222691
16.000000
44.564579
16.000000
44.640213
16.000000
45.103485
16.000000
45.107834
16.000000
44.675667
16.000000
45.433743
16.000000
45.387848
16.000000
45.369934
16.000000
45.304031
16.000000
44.808456
16.000000
44.776840
16.000000
45.425186
16.000000
45.276836
16.000000
44.875954
16.000000
45.246590
16.000000
45.010201
16.000000
45.117725
16.000000
45.245129
16.000000
44.915592
16.000000
45.065601
16.000000
45.286541
16.000000
45.432880
16.000000
44.591263
16.000000
44.691582
16.000000
44.738388
16.000000
45.299255
16.000000
44.454048
16.000000
45.187759
16.000000
45.033421
16.000000
45.375801
16.000000
44.568996
16.000000
44.494045
16.000000
44.863647
16.000000
44.584251
16.000000
45.338852
16.000000
45.135918
16.000000
44.540421
16.000000
44.906063
16.000000
45.428436
16.000000
45.141304
16.000000
44.816162
16.000000
44.797585
16.000000
44.684261
16.000000
44.621986
16.000000
44.506920
16.000000
44.611843
16.000000
44.619011
16.000000
44.634476
16.000000
44.693825
16.000000
44.684010
16.000000
44.491714
16.000000
45.160103
16.000000
45.008408
16.000000
44.521935
16.000000
44.797012
16.000000
44.946243
16.000000
44.804939
16.000000
45.228214
16.000000
45.255466
16.000000
45.428917
16.000000
44.669743
16.000000
45.335930
16.000000
44.546669
16.000000
45.105698
16.000000
45.384987
16.000000
45.229034
16.000000
44.507751
16.000000
44.481758
16.000000
45.350529
16.000000
45.354939
16.000000
45.114952
16.000000
45.035629
16.000000
44.997208
16.000000
44.992950
16.000000
44.738968
16.000000
44.798737
16.000000
45.448189
16.000000
44.596466
16.000000
45.244198
16.000000
44.832008
16.000000
44.799507
16.000000
45.306465
16.000000
44.582279
16.000000
44.747150
16.000000
44.559052
16.000000
45.226379
16.000000
45.007721
16.000000
45.067642
16.000000
45.390366
16.000000
44.695881
16.000000
44.888557
16.000000
44.852066
16.000000
44.760712
16.000000
44.737995
16.000000
45.437859
16.000000
44.864182
16.000000
45.184074
16.000000
45.190292
16.000000
44.907310
16.000000
45.212009
16.000000
44.580406
16.000000
45.375977
16.000000
44.830826
16.000000
45.109230
16.000000
44.929504
16.000000
44.799824
16.000000
45.353943
16.000000
44.664093
16.000000
44.579407
16.000000
45.121239
16.000000
44.481857
16.000000
44.985794
16.000000
44.702816
16.000000
44.594315
16.000000
45.352234
16.000000
44.518570
16.000000
44.756638
16.000000
44.656021
16.000000
45.116394
16.000000
45.278908
16.000000
44.876297
16.000000
44.491615
16.000000
44.575706
16.000000
45.191223
16.000000
45.150002
16.000000
45.273468
16.000000
45.337959
16.000000
44.491501
16.000000
44.767410
16.000000
44.982368
16.000000
45.395622
16.000000
45.289314
16.000000
45.295502
16.000000
45.221390
16.000000
45.067360
16.000000
45.165695
16.000000
45.063034
16.000000
45.227623
16.000000
44.463310
16.000000
45.305714
16.000000
45.310501
16.000000
44.831764
16.000000
44.785168
16.000000
45.247536
16.000000
45.354992
16.000000
44.576363
16.000000
45.420563
16.000000
45.366013
16.000000
44.626766
16.000000
44.831963
16.000000
44.772373
16.000000
45.405571
16.000000
44.733330
16.000000
44.851189
16.000000
45.170254
16.000000
45.331154
16.000000
45.028473
16.000000
44.926102
16.000000
44.795036
16.000000
44.702805
16.000000
44.940598
16.000000
45.058662
16.000000
45.442120
16.000000
44.592361
16.000000
44.604416
16.000000
45.127026
16.000000
45.209682
16.000000
45.201523
16.000000
44.593468
16.000000
45.394920
16.000000
45.264282
16.000000
44.829453
16.000000
44.694416
16.000000
45.122864
16.000000
45.346043
16.000000
45.155289
16.000000
44.893387
16.000000
44.826298
16.000000
45.133419
16.000000
45.282433
16.000000
44.588722
16.000000
44.759792
16.000000
44.613235
16.000000
45.088104
16.000000
45.171936
16.000000
45.405365
16.000000
45.336075
16.000000
44.666004
16.000000
44.464798
16.000000
45.140709
16.000000
44.504890
16.000000
44.532173
16.000000
45.163200
16.000000
45.444695
16.000000
45.032448
16.000000
44.712669
16.000000
44.593552
16.000000
45.135216
16.000000
44.921577
16.000000
45.255703
16.000000
44.857132
16.000000
44.856606
16.000000
44.909088
16.000000
44.681786
16.000000
44.665451
16.000000
45.139042
16.000000
44.713745
16.000000
44.686722
16.000000
44.737679
16.000000
44.675900
16.000000
44.615444
16.000000
44.816799
16.000000
45.412529
16.000000
45.285229
16.000000
44.602825
16.000000
45.004044
16.000000
44.937851
16.000000
44.812653
16.000000
45.095448
16.000000
44.616726
16.000000
45.085323
16.000000
44.606369
16.000000
44.524845
16.000000
44.899979
16.000000
45.216507
16.000000
44.631214
16.000000
45.261063
16.000000
44.685738
16.000000
44.916092
16.000000
44.886162
16.000000
45.054344
16.000000
44.767811
16.000000
45.022385
16.000000
45.099304
16.000000
44.858559
16.000000
45.257851
16.000000
44.838341
16.000000
45.173374
16.000000
44.863716
16.000000
44.491196
16.000000
45.423187
16.000000
45.305302
16.000000
44.771885
16.000000
44.471481
16.000000
44.685753
16.000000
44.533401
16.000000
45.450535
16.000000
45.448357
16.000000
44.479073
16.000000
45.375198
16.000000
44.603172
16.000000
44.885178
16.000000
44.485840
16.000000
44.793922
16.000000
44.991074
16.000000
45.294762
16.000000
44.469250
16.000000
45.187164
16.000000
45.368103
16.000000
44.754108
16.000000
44.873535
16.000000
44.976456
16.000000
45.325821
16.000000
44.944866
16.000000
44.628204
16.000000
44.664330
16.000000
44.623703
16.000000
44.925423
16.000000
44.569481
16.000000
44.757767
16.000000
44.681709
16.000000
44.843624
16.000000
45.256474
16.000000
44.754616
16.000000
44.568855
16.000000
44.554153
16.000000
44.456112
16.000000
45.343262
16.000000
45.308731
16.000000
45.305492
16.000000
45.196774
16.000000
45.009537
16.000000
44.880222
16.000000
44.665001
16.000000
45.330830
16.000000
44.615883
16.000000
44.839363
16.000000
45.248138
16.000000
44.817795
16.000000
44.830860
16.000000
45.017113
16.000000
45.049561
16.000000
45.136307
16.000000
44.975941
16.000000
45.309441
16.000000
44.660194
16.000000
45.061844
16.000000
45.330063
16.000000
45.394703
16.000000
44.657974
16.000000
45.175995
16.000000
44.837959
16.000000
45.182312
16.000000
44.799656
16.000000
45.311531
16.000000
44.542130
16.000000
45.312500
16.000000
45.055843
16.000000
45.290161
16.000000
44.739761
16.000000
44.483685
16.000000
44.893242
16.000000
44.916161
16.000000
44.462303
16.000000
45.058472
16.000000
45.187244
16.000000
45.026520
16.000000
45.286205
16.000000
45.066811
16.000000
44.743267
16.000000
45.302383
16.000000
45.051605
16.000000
44.494339
16.000000
45.000061
16.000000
44.505745
16.000000
44.850822
16.000000
45.139404
16.000000
45.018406
16.000000
45.258968
16.000000
45.377930
16.000000
45.114990
16.000000
45.420868
16.000000
44.682621
16.000000
44.620975
16.000000
45.100731
16.000000
44.576534
16.000000
45.050232
16.000000
45.355625
16.000000
45.417046
16.000000
44.772392
16.000000
44.867073
16.000000
44.968742
16.000000
44.973557
16.000000
45.281887
16.000000
45.359192
16.000000
45.303673
16.000000
45.120258
16.000000
44.703682
16.000000
45.011497
16.000000
44.980919
16.000000
45.403980
16.000000
45.072113
16.000000
44.627113
16.000000
45.044239
16.000000
45.307922
16.000000
44.738548
16.000000
44.946198
16.000000
45.153679
16.000000
45.223579
16.000000
44.481606
16.000000
45.245049
16.000000
45.409927
16.000000
45.106392
16.000000
45.121010
16.000000
45.158264
16.000000
45.310535
16.000000
44.467361
16.000000
44.579918
16.000000
44.635178
16.000000
44.993446
16.000000
45.284241
16.000000
45.009499
16.000000
45.070297
16.000000
44.547981
16.000000
44.667713
16.000000
44.506828
16.000000
45.324448
16.000000
44.960152
16.000000
44.647758
16.000000
45.107536
16.000000
44.794163
16.000000
44.859310
16.000000
45.423653
16.000000
44.549057
16.000000
45.239361
16.000000
45.414955
16.000000
45.176907
16.000000
45.420921
16.000000
45.054993
16.000000
44.699844
16.000000
45.441772
16.000000
45.268494
16.000000
44.591354
16.000000
44.870117
16.000000
45.450092
16.000000
44.539253
16.000000
45.019974
16.000000
44.763306
16.000000
45.371120
16.000000
45.229042
16.000000
45.321224
16.000000
45.211388
16.000000
44.889992
16.000000
44.568859
16.000000
44.467190
16.000000
44.687172
16.000000
45.254539
16.000000
44.896976
16.000000
44.905495
16.000000
45.231674
16.000000
45.423023
16.000000
45.134735
16.000000
45.311699
16.000000
45.246613
16.000000
45.104736
16.000000
44.805717
16.000000
44.624645
16.000000
44.482643
16.000000
45.122608
16.000000
45.308567
16.000000
44.572906
16.000000
45.164944
16.000000
44.636635
16.000000
44.799358
16.000000
45.326035
16.000000
44.793411
16.000000
44.992485
16.000000
45.295441
16.000000
44.929577
16.000000
45.422012
16.000000
44.519196
16.000000
45.332169
16.000000
44.841507
16.000000
44.486465
16.000000
44.998405
16.000000
44.962181
16.000000
45.447033
16.000000
45.063858
16.000000
45.191338
16.000000
45.288528
16.000000
44.872311
16.000000
45.035103
16.000000
45.245438
16.000000
44.524311
16.000000
44.544868
16.000000
44.641399
16.000000
45.402046
16.000000
44.942814
16.000000
45.391823
16.000000
45.106705
16.000000
44.834625
16.000000
44.482597
16.000000
44.950054
16.000000
45.144028
16.000000
45.126621
16.000000
44.523659
16.000000
44.848091
16.000000
45.275360
16.000000
44.795891
16.000000
44.731102
16.000000
45.175148
16.000000
44.975376
16.000000
44.682507
16.000000
45.364433
16.000000
45.319717
16.000000
44.472160
16.000000
44.546230
16.000000
45.178459
16.000000
44.999901
16.000000
45.133163
16.000000
44.845207
16.000000
44.509964
16.000000
44.812813
16.000000
45.269020
16.000000
44.509079
16.000000
45.157330
16.000000
44.487434
16.000000
44.457237
16.000000
36.663750
16.000000
36.806870
16.000000
36.729004
16.000000
36.763245
16.000000
36.762535
16.000000
37.162193
16.000000
36.920227
16.000000
36.624641
16.000000
37.369881
16.000000
37.331516
16.000000
37.098911
16.000000
37.364067
16.000000
36.982948
16.000000
37.300652
16.000000
36.538429
16.000000
36.976768
16.000000
36.675529
16.000000
36.584320
16.000000
37.226212
16.000000
37.203209
16.000000
36.979507
16.000000
37.092178
16.000000
37.396339
16.000000
36.582920
16.000000
37.363972
16.000000
36.768261
16.000000
36.664459
16.000000
37.062065
16.000000
37.270241
16.000000
36.716469
16.000000
37.127422
16.000000
37.237118
16.000000
36.654087
16.000000
36.772636
16.000000
36.563095
16.000000
36.508461
16.000000
36.948997
16.000000
37.016495
16.000000
37.126133
16.000000
36.675125
16.000000
37.262619
16.000000
36.899899
16.000000
37.375217
16.000000
37.340981
16.000000
36.948616
16.000000
37.142944
16.000000
37.203178
16.000000
36.991608
16.000000
37.315659
16.000000
37.332733
16.000000
36.744217
16.000000
36.726860
16.000000
37.262810
16.000000
37.269604
16.000000
36.918159
16.000000
37.109093
16.000000
36.722961
16.000000
37.420570
16.000000
37.290833
16.000000
36.814575
16.000000
37.161034
16.000000
37.288628
16.000000
36.670383
16.000000
37.018394
16.000000
36.939293
16.000000
37.368668
16.000000
37.121258
16.000000
36.605045
16.000000
36.909386
16.000000
36.859573
16.000000
36.559929
16.000000
37.007179
16.000000
36.563465
16.000000
36.882721
16.000000
36.810867
16.000000
36.844463
16.000000
36.654640
16.000000
36.684132
16.000000
37.083282
16.000000
37.072529
16.000000
36.464096
16.000000
37.379509
16.000000
36.633858
16.000000
37.448906
16.000000
37.372269
16.000000
36.745949
16.000000
37.220798
16.000000
36.470207
16.000000
36.505165
16.000000
36.862473
16.000000
37.127808
16.000000
36.674896
16.000000
36.596107
16.000000
37.165215
16.000000
36.732162
16.000000
37.252892
16.000000
37.311382
16.000000
37.254997
16.000000
36.604385
16.000000
37.056923
16.000000
37.143066
16.000000
37.039322
16.000000
36.462650
16.000000
37.187572
16.000000
36.733593
16.000000
37.039375
16.000000
37.193108
16.000000
37.175961
16.000000
36.884773
16.000000
37.269814
16.000000
36.900505
16.000000
36.985214
16.000000
37.243206
16.000000
36.808113
16.000000
36.614975
16.000000
37.304138
16.000000
37.257748
16.000000
37.264130
16.000000
36.683273
16.000000
36.834915
16.000000
37.304863
16.000000
37.378754
16.000000
37.341682
16.000000
36.725044
16.000000
36.837151
16.000000
36.961582
16.000000
36.683685
16.000000
36.563652
16.000000
37.000603
16.000000
37.449718
16.000000
36.666420
16.000000
37.257641
16.000000
37.424953
16.000000
36.860260
16.000000
37.185894
16.000000
37.250648
16.000000
36.821945
16.000000
36.900513
16.000000
37.366714
16.000000
36.977509
16.000000
37.422523
16.000000
36.582493
16.000000
37.370396
16.000000
36.753799
16.000000
36.940807
16.000000
36.711868
16.000000
36.616035
16.000000
36.904560
16.000000
36.542595
16.000000
36.810658
16.000000
36.531128
16.000000
36.752663
16.000000
37.382561
16.000000
36.823830
16.000000
36.514957
16.000000
36.503319
16.000000
37.019676
16.000000
36.998329
16.000000
36.681145
16.000000
36.693146
16.000000
36.588425
16.000000
36.810375
16.000000
37.424362
16.000000
37.120209
16.000000
37.053192
16.000000
37.414330
16.000000
37.000366
16.000000
37.275719
16.000000
36.523880
16.000000
36.487755
16.000000
37.219315
16.000000
37.101166
16.000000
37.163254
16.000000
36.636513
16.000000
37.387520
16.000000
37.064148
16.000000
37.244217
16.000000
37.137558
16.000000
37.191589
16.000000
36.502556
16.000000
36.830711
16.000000
36.645149
16.000000
37.324051
16.000000
36.739372
16.000000
37.232330
16.000000
36.685654
16.000000
37.048809
16.000000
36.804245
16.000000
36.475391
16.000000
36.582302
16.000000
36.846069
16.000000
37.277679
16.000000
37.374557
16.000000
36.849503
16.000000
37.235096
16.000000
36.929840
16.000000
37.332710
16.000000
37.188049
16.000000
36.733376
16.000000
36.591969
16.000000
44.678440
16.000000
45.212902
16.000000
45.276924
16.000000
44.748074
16.000000
45.143387
16.000000
45.022018
16.000000
45.138351
16.000000
45.378960
16.000000
44.893764
16.000000
44.893066
16.000000
45.092815
16.000000
45.408901
16.000000
45.331779
16.000000
44.939907
16.000000
45.439644
16.000000
45.368446
16.000000
45.434303
16.000000
44.678223
16.000000
45.170811
16.000000
45.068127
16.000000
44.656345
16.000000
44.470261
16.000000
44.943825
16.000000
45.193802
16.000000
45.271126
16.000000
45.072174
16.000000
44.532219
16.000000
45.071182
16.000000
45.175682
16.000000
44.822124
16.000000
44.686668
16.000000
45.094131
16.000000
44.801334
16.000000
45.122162
16.000000
44.572563
16.000000
45.099152
16.000000
45.214199
16.000000
44.898632
16.000000
44.966248
16.000000
44.738468
16.000000
44.643673
16.000000
44.980484
16.000000
44.674255
16.000000
45.135185
16.000000
44.468414
16.000000
44.650909
16.000000
45.273750
16.000000
44.597729
16.000000
45.048660
16.000000
44.700397
16.000000
45.307671
16.000000
44.552345
16.000000
45.370583
16.000000
44.571213
16.000000
44.963524
16.000000
44.624615
16.000000
44.579796
16.000000
45.442619
16.000000
45.268887
16.000000
45.204460
16.000000
45.368614
16.000000
44.775204
16.000000
44.756638
16.000000
45.256432
16.000000
45.117802
16.000000
45.246841
16.000000
44.779427
16.000000
44.694511
16.000000
44.614006
16.000000
44.595924
16.000000
44.634964
16.000000
44.735832
16.000000
44.750568
16.000000
44.820564
16.000000
45.433884
16.000000
45.234322
16.000000
44.503548
16.000000
45.187462
16.000000
44.998672
16.000000
45.179466
16.000000
44.490738
16.000000
44.932228
16.000000
44.495960
16.000000
44.843254
16.000000
45.085754
16.000000
45.386894
16.000000
45.289429
16.000000
44.456161
16.000000
44.915672
16.000000
44.972233
16.000000
44.869946
16.000000
44.599808
16.000000
44.798492
16.000000
44.609863
16.000000
45.069153
16.000000
44.604515
16.000000
45.298756
16.000000
45.105198
16.000000
44.495888
16.000000
44.920006
16.000000
44.459900
16.000000
44.999741
16.000000
45.371155
16.000000
45.309616
16.000000
45.002129
16.000000
44.651321
16.000000
44.761467
16.000000
44.724430
16.000000
44.969494
16.000000
44.983978
16.000000
44.765648
16.000000
44.904037
16.000000
44.895874
16.000000
45.386803
16.000000
45.072037
16.000000
45.166763
16.000000
44.738838
16.000000
44.663303
16.000000
44.981224
16.000000
45.440662
16.000000
44.956100
16.000000
45.106140
16.000000
44.720718
16.000000
44.755882
16.000000
45.395599
16.000000
44.478111
16.000000
44.909485
16.000000
45.385170
16.000000
45.146210
16.000000
45.353813
16.000000
44.701508
16.000000
44.565872
16.000000
45.320236
16.000000
44.670395
16.000000
44.705555
16.000000
44.943581
16.000000
45.392395
16.000000
44.496754
16.000000
45.383095
16.000000
44.973751
16.000000
44.982697
16.000000
44.644310
16.000000
45.157578
16.000000
44.984993
16.000000
45.194000
16.000000
44.511024
16.000000
44.932335
16.000000
45.357719
16.000000
44.889618
16.000000
44.847702
16.000000
44.594757
16.000000
45.402229
16.000000
45.035767
16.000000
45.230320
16.000000
44.925941
16.000000
45.242798
16.000000
44.766502
16.000000
45.049328
16.000000
45.079788
16.000000
45.228600
16.000000
44.466957
16.000000
44.746487
16.000000
44.741333
16.000000
45.402771
16.000000
45.403004
16.000000
44.538292
16.000000
45.334160
16.000000
44.706486
16.000000
44.748833
16.000000
45.095619
16.000000
44.864613
16.000000
44.909256
16.000000
44.925789
16.000000
44.828362
16.000000
45.386536
16.000000
44.565865
16.000000
45.395973
16.000000
45.073120
16.000000
45.306862
16.000000
45.292542
16.000000
45.067177
16.000000
45.359261
16.000000
45.152100
16.000000
44.541039
16.000000
45.447746
16.000000
45.025703
16.000000
45.112061
16.000000
44.510765
16.000000
44.575317
16.000000
45.275188
16.000000
44.520161
16.000000
44.829742
16.000000
45.225853
16.000000
45.389236
16.000000
45.125946
16.000000
45.415146
16.000000
45.039452
16.000000
45.424942
16.000000
45.329868
16.000000
45.270359
16.000000
44.636597
16.000000
44.697670
16.000000
44.669975
16.000000
45.167145
16.000000
44.568390
16.000000
44.811302
16.000000
45.355614
16.000000
45.154518
16.000000
45.178589
16.000000
45.407127
16.000000
44.982388
16.000000
45.040459
16.000000
45.443703
16.000000
45.345806
16.000000
44.690620
16.000000
44.640091
16.000000
44.524818
16.000000
45.002548
16.000000
44.760281
16.000000
44.614365
16.000000
44.573242
16.000000
44.757637
16.000000
44.611462
16.000000
44.602718
16.000000
44.588112
16.000000
45.365234
16.000000
45.445080
16.000000
45.405933
16.000000
44.552860
16.000000
45.345093
16.000000
44.671822
16.000000
45.187057
16.000000
45.248760
16.000000
44.735355
16.000000
44.856754
16.000000
45.206871
16.000000
44.993240
16.000000
44.864040
16.000000
45.086399
16.000000
44.986595
16.000000
44.879303
16.000000
44.561142
16.000000
44.459896
16.000000
44.597630
16.000000
45.267799
16.000000
44.530975
16.000000
44.932358
16.000000
44.895859
16.000000
44.559181
16.000000
44.797794
16.000000
45.425163
16.000000
45.346527
16.000000
45.052940
16.000000
44.972225
16.000000
45.097244
16.000000
45.236847
16.000000
45.186779
16.000000
44.548275
16.000000
44.878654
16.000000
44.722939
16.000000
45.358021
16.000000
45.204819
16.000000
44.858475
16.000000
45.241486
16.000000
45.426796
16.000000
44.467545
16.000000
45.027096
16.000000
44.759888
16.000000
45.201843
16.000000
44.652077
16.000000
44.946625
16.000000
45.272610
16.000000
44.510201
16.000000
44.889591
16.000000
44.772980
16.000000
44.511490
16.000000
45.283638
16.000000
44.987202
16.000000
45.037903
16.000000
44.754650
16.000000
44.972809
16.000000
44.512634
16.000000
44.667126
16.000000
44.843727
16.000000
44.773483
16.000000
45.045952
16.000000
44.766769
16.000000
44.760048
16.000000
45.293945
16.000000
44.800663
16.000000
45.025421
16.000000
44.585228
16.000000
44.755569
16.000000
44.774212
16.000000
44.835640
16.000000
44.889297
16.000000
45.082802
16.000000
44.503403
16.000000
45.197975
16.000000
44.741280
16.000000
44.659348
16.000000
45.280499
16.000000
44.668758
16.000000
45.090893
16.000000
45.169418
16.000000
45.018410
16.000000
44.611347
16.000000
45.199387
16.000000
44.608097
16.000000
44.536873
16.000000
44.509064
16.000000
44.962177
16.000000
45.441368
16.000000
45.444504
16.000000
44.810974
16.000000
45.022530
16.000000
44.611088
16.000000
44.633511
16.000000
45.445770
16.000000
44.827526
16.000000
44.552258
16.000000
44.555317
16.000000
45.285847
16.000000
44.924316
16.000000
44.612419
16.000000
45.187447
16.000000
45.359501
16.000000
44.852467
16.000000
45.129955
16.000000
44.794685
16.000000
45.120449
16.000000
44.879234
16.000000
44.991417
16.000000
44.505760
16.000000
44.462364
16.000000
44.639236
16.000000
44.898067
16.000000
44.780403
16.000000
45.139503
16.000000
44.695393
16.000000
44.994591
16.000000
44.579300
16.000000
44.736282
16.000000
45.131371
16.000000
45.402359
16.000000
45.310463
16.000000
44.862961
16.000000
44.760281
16.000000
45.432323
16.000000
44.993866
16.000000
45.243980
16.000000
44.691113
16.000000
45.054813
16.000000
44.827736
16.000000
44.594345
16.000000
44.468315
16.000000
44.810318
16.000000
45.190800
16.000000
44.580620
16.000000
45.095642
16.000000
44.547176
16.000000
45.206558
16.000000
44.820202
16.000000
45.014137
16.000000
44.834999
16.000000
45.272255
16.000000
45.008240
16.000000
44.690903
16.000000
45.336525
16.000000
45.306313
16.000000
45.198532
16.000000
44.969795
16.000000
44.910889
16.000000
45.033997
16.000000
44.767151
16.000000
44.855717
16.000000
45.375786
16.000000
45.193001
16.000000
44.784084
16.000000
45.033112
16.000000
44.512344
16.000000
44.885704
16.000000
44.529068
16.000000
45.340405
16.000000
45.321449
16.000000
44.596928
16.000000
44.635834
16.000000
45.356766
16.000000
45.288101
16.000000
45.108528
16.000000
44.943977
16.000000
44.949886
16.000000
45.117027
16.000000
44.811047
16.000000
45.407211
16.000000
45.128696
16.000000
44.674137
16.000000
45.257820
16.000000
44.560101
16.000000
45.247322
16.000000
45.090893
16.000000
44.464134
16.000000
44.608402
16.000000
45.398689
16.000000
44.522202
16.000000
45.367027
16.000000
44.923676
16.000000
45.160030
16.000000
44.990810
16.000000
44.992188
16.000000
45.171593
16.000000
45.435287
16.000000
45.441353
16.000000
44.979630
16.000000
45.392616
16.000000
44.596336
16.000000
45.428562
16.000000
44.663380
16.000000
44.535263
16.000000
45.055889
16.000000
44.752228
16.000000
44.590164
16.000000
45.419037
16.000000
44.524368
16.000000
44.500694
16.000000
45.218262
16.000000
44.959328
16.000000
44.657932
16.000000
44.522949
16.000000
45.064499
16.000000
44.691902
16.000000
45.175583
16.000000
44.951309
16.000000
45.143188
16.000000
45.448975
16.000000
44.504562
16.000000
44.653557
16.000000
44.641533
16.000000
45.073105
16.000000
45.007210
16.000000
44.467079
16.000000
44.810005
16.000000
44.903625
16.000000
44.665981
16.000000
44.747311
16.000000
45.018112
16.000000
45.144966
16.000000
45.196182
16.000000
45.235481
16.000000
44.495232
16.000000
45.022102
16.000000
44.758575
16.000000
45.024338
16.000000
44.489674
16.000000
45.094269
16.000000
44.943733
16.000000
45.341560
16.000000
45.418839
16.000000
45.404785
16.000000
44.490707
16.000000
45.387123
16.000000
45.386246
16.000000
45.370010
16.000000
45.401039
16.000000
45.157204
16.000000
45.452095
16.000000
45.062988
16.000000
44.487904
16.000000
44.458710
16.000000
44.522659
16.000000
44.766785
16.000000
45.026386
16.000000
44.622292
16.000000
44.510101
16.000000
45.127876
16.000000
44.846245
16.000000
45.027023
16.000000
44.711151
16.000000
44.777081
16.000000
44.553394
16.000000
45.251247
16.000000
44.728569
16.000000
45.338104
16.000000
44.862015
16.000000
45.410919
16.000000
45.319855
16.000000
44.735100
16.000000
45.007210
16.000000
44.839417
16.000000
45.100857
16.000000
45.020737
16.000000
45.064941
16.000000
44.957081
16.000000
45.296852
16.000000
44.648964
16.000000
45.366997
16.000000
44.704144
16.000000
44.493942
16.000000
45.300735
16.000000
45.185143
16.000000
44.585014
16.000000
44.842659
16.000000
45.272560
16.000000
45.224155
16.000000
45.202110
16.000000
45.024460
16.000000
45.049797
16.000000
44.982677
16.000000
45.177124
16.000000
44.794609
16.000000
44.802914
16.000000
44.926872
16.000000
45.378338
16.000000
44.871201
16.000000
44.849224
16.000000
45.156525
16.000000
44.534676
16.000000
45.417809
16.000000
44.729286
16.000000
44.861160
16.000000
45.097099
16.000000
44.851234
16.000000
44.994400
16.000000
44.783588
16.000000
44.986385
16.000000
44.908096
16.000000
45.352463
16.000000
45.281136
16.000000
44.894150
16.000000
44.670956
16.000000
44.486328
16.000000
45.115440
16.000000
45.344116
16.000000
44.485008
16.000000
45.208908
16.000000
44.467102
16.000000
44.804893
16.000000
44.655914
16.000000
44.735962
16.000000
44.463608
16.000000
45.441338
16.000000
44.795448
16.000000
45.337944
16.000000
44.524399
16.000000
44.782764
16.000000
45.030678
16.000000
45.109108
16.000000
45.198692
16.000000
45.235783
16.000000
44.595184
16.000000
45.350380
16.000000
45.097927
16.000000
45.382660
16.000000
45.160835
16.000000
45.098648
16.000000
44.574562
16.000000
44.868752
16.000000
45.039215
16.000000
44.612404
16.000000
45.244961
16.000000
44.682930
16.000000
45.015957
16.000000
45.224236
16.000000
45.384743
16.000000
45.058334
16.000000
44.533142
16.000000
44.454979
16.000000
45.425224
16.000000
44.562561
16.000000
44.794743
16.000000
45.227272
16.000000
44.659660
16.000000
45.082909
16.000000
44.902687
16.000000
45.259468
16.000000
45.269642
16.000000
44.958977
16.000000
45.015659
16.000000
45.414185
16.000000
45.222672
16.000000
44.508659
16.000000
45.115349
16.000000
44.505970
16.000000
45.417076
16.000000
44.802383
16.000000
45.327648
16.000000
44.698227
16.000000
44.841637
16.000000
45.420181
16.000000
45.036602
16.000000
44.562553
16.000000
45.027477
16.000000
45.149803
16.000000
44.593204
16.000000
44.830063
16.000000
44.847755
16.000000
44.792175
16.000000
44.519569
16.000000
44.888939
16.000000
44.820805
16.000000
45.108170
16.000000
45.308331
16.000000
44.907578
16.000000
44.849205
16.000000
44.821014
16.000000
44.745827
16.000000
44.736313
16.000000
45.107178
16.000000
44.896912
16.000000
44.848404
16.000000
45.319931
16.000000
45.191101
16.000000
44.566597
16.000000
45.327446
16.000000
44.465149
16.000000
45.001102
16.000000
45.329659
16.000000
44.819199
16.000000
44.805897
16.000000
45.185211
16.000000
44.604713
16.000000
45.342499
16.000000
44.715065
16.000000
44.970657
16.000000
45.077324
16.000000
45.369598
16.000000
45.063038
16.000000
44.667961
16.000000
44.748703
16.000000
45.280975
16.000000
45.022797
16.000000
44.651749
16.000000
45.249084
16.000000
45.389832
16.000000
45.210434
16.000000
45.353569
16.000000
44.970722
16.000000
44.761902
16.000000
44.576424
16.000000
44.491589
16.000000
45.049339
16.000000
45.449371
16.000000
45.325497
16.000000
44.499592
16.000000
45.250435
16.000000
45.272408
16.000000
45.134956
16.000000
44.852383
16.000000
44.822384
16.000000
45.085396
16.000000
45.031357
16.000000
45.364300
16.000000
45.051373
16.000000
44.898293
16.000000
45.204563
16.000000
44.489166
16.000000
44.958855
16.000000
44.737762
16.000000
45.189888
16.000000
44.621662
16.000000
45.229874
16.000000
45.425362
16.000000
44.624336
16.000000
45.053471
16.000000
45.150372
16.000000
44.728477
16.000000
45.262100
16.000000
44.463921
16.000000
44.642746
16.000000
44.928314
16.000000
45.009830
16.000000
45.235718
16.000000
45.304817
16.000000
44.849209
16.000000
45.094074
16.000000
45.270981
16.000000
45.310738
16.000000
45.262383
16.000000
45.270046
16.000000
44.754326
16.000000
44.748627
16.000000
45.302837
16.000000
44.673607
16.000000
44.461334
16.000000
44.485714
16.000000
44.725281
16.000000
44.465961
16.000000
44.972233
16.000000
44.764309
16.000000
44.621239
16.000000
44.937305
16.000000
44.830933
16.000000
45.143154
16.000000
45.189957
16.000000
44.646141
16.000000
44.963085
16.000000
44.732765
16.000000
44.891022
16.000000
44.882839
16.000000
45.191292
16.000000
44.784809
16.000000
45.385483
16.000000
44.636784
16.000000
44.867790
16.000000
44.852413
16.000000
44.585678
16.000000
44.696960
16.000000
45.401688
16.000000
44.513145
16.000000
44.697514
16.000000
44.504112
16.000000
44.774742
16.000000
44.588509
16.000000
44.735695
16.000000
44.946350
16.000000
45.242966
16.000000
45.174480
16.000000
44.693020
16.000000
45.370514
16.000000
44.607162
16.000000
44.673767
16.000000
45.290627
16.000000
45.042801
16.000000
44.911919
16.000000
45.020615
16.000000
44.486877
16.000000
44.510422
16.000000
45.226555
16.000000
45.123333
16.000000
44.900925
16.000000
44.520206
16.000000
44.560753
16.000000
45.173256
16.000000
44.846893
16.000000
44.890831
16.000000
44.500504
16.000000
44.676537
16.000000
44.684669
16.000000
45.129929
16.000000
45.227325
16.000000
44.837734
16.000000
44.978077
16.000000
45.303688
16.000000
44.510277
16.000000
44.536762
16.000000
45.359802
16.000000
45.241425
16.000000
45.424110
16.000000
45.224781
16.000000
44.713566
16.000000
44.710529
16.000000
45.267323
16.000000
44.920544
16.000000
44.662636
16.000000
44.720398
16.000000
44.608238
16.000000
45.377468
16.000000
44.546513
16.000000
45.370968
16.000000
45.384453
16.000000
45.262634
16.000000
45.124977
16.000000
44.511204
16.000000
44.649551
16.000000
44.954338
16.000000
45.301254
16.000000
45.361332
16.000000
45.326481
16.000000
45.426052
16.000000
45.196831
16.000000
44.751110
16.000000
44.987804
16.000000
44.973557
16.000000
44.977345
16.000000
44.641907
16.000000
45.215714
16.000000
44.976643
16.000000
44.620850
16.000000
45.180763
16.000000
44.694199
16.000000
44.951305
16.000000
44.959869
16.000000
45.352425
16.000000
44.692299
16.000000
45.404800
16.000000
45.197166
16.000000
44.638180
16.000000
44.575798
16.000000
45.416195
16.000000
45.037575
16.000000
45.280128
16.000000
44.880928
16.000000
44.776001
16.000000
45.412968
16.000000
45.084488
16.000000
44.760082
16.000000
44.531639
16.000000
44.571480
16.000000
45.283463
16.000000
45.290649
16.000000
45.154449
16.000000
44.675766
16.000000
44.493778
16.000000
44.591026
16.000000
44.456326
16.000000
44.717941
16.000000
44.773705
16.000000
45.374130
16.000000
44.582687
16.000000
44.767002
16.000000
44.921925
16.000000
45.252434
16.000000
45.132530
16.000000
45.183849
16.000000
44.524712
16.000000
44.838844
16.000000
44.529007
16.000000
45.443249
16.000000
45.343216
16.000000
45.221481
16.000000
45.046501
16.000000
44.862236
16.000000
45.279289
16.000000
44.568005
16.000000
45.441902
16.000000
45.123634
16.000000
45.226513
16.000000
44.847458
16.000000
44.613159
16.000000
45.268120
16.000000
44.727303
16.000000
45.066628
16.000000
44.630142
16.000000
44.940422
16.000000
44.977722
16.000000
44.855305
16.000000
44.628693
16.000000
45.360939
16.000000
45.159622
16.000000
44.520241
16.000000
44.766464
16.000000
44.977730
16.000000
44.613178
16.000000
45.110943
16.000000
44.548500
16.000000
44.892296
16.000000
45.395691
16.000000
45.362343
16.000000
45.346661
16.000000
45.300529
16.000000
45.403519
16.000000
44.765526
16.000000
45.405228
16.000000
45.176472
16.000000
44.807625
16.000000
44.845810
16.000000
44.730156
16.000000
45.049232
16.000000
45.062447
16.000000
44.850998
16.000000
45.317112
16.000000
44.791870
16.000000
44.736053
16.000000
45.313522
16.000000
45.407959
16.000000
45.293159
16.000000
44.550621
16.000000
45.303726
16.000000
44.896305
16.000000
45.320045
16.000000
44.939274
16.000000
45.330635
16.000000
44.908752
16.000000
44.594887
16.000000
45.188148
16.000000
45.271931
16.000000
44.621841
16.000000
44.612556
16.000000
45.406487
16.000000
45.253513
16.000000
44.677231
16.000000
44.982491
16.000000
44.868053
16.000000
45.375008
16.000000
45.207611
16.000000
44.513985
16.000000
44.777939
16.000000
44.483017
16.000000
45.010078
16.000000
44.684864
16.000000
45.020016
16.000000
44.806206
16.000000
45.371025
16.000000
44.472595
16.000000
44.587894
16.000000
44.801659
16.000000
45.238884
16.000000
44.718777
16.000000
44.998505
16.000000
45.375957
16.000000
45.061562
16.000000
45.063774
16.000000
45.105820
16.000000
44.747673
16.000000
44.822517
16.000000
44.696312
16.000000
44.761803
16.000000
45.144863
16.000000
45.175835
16.000000
45.159470
16.000000
44.797237
16.000000
44.772858
16.000000
44.620781
16.000000
45.033997
16.000000
45.035942
16.000000
45.034744
16.000000
44.540295
16.000000
44.858360
16.000000
45.160591
16.000000
45.235085
16.000000
45.379005
16.000000
45.287529
16.000000
44.901558
16.000000
45.165924
16.000000
45.224583
16.000000
45.143806
16.000000
44.714142
16.000000
44.876286
16.000000
44.637436
16.000000
45.368183
16.000000
45.224720
16.000000
44.849483
16.000000
45.155281
16.000000
45.079163
16.000000
45.039864
16.000000
44.813267
16.000000
44.730942
16.000000
44.922089
16.000000
44.582081
16.000000
45.133129
16.000000
45.342438
16.000000
44.763458
16.000000
45.237583
16.000000
44.710331
16.000000
44.935902
16.000000
44.706589
16.000000
44.689465
16.000000
45.381844
16.000000
45.093773
16.000000
45.094753
16.000000
44.523506
16.000000
44.476189
16.000000
44.967232
16.000000
45.330051
16.000000
45.022408
16.000000
45.113853
16.000000
44.856884
16.000000
44.840488
16.000000
45.310692
16.000000
44.757175
16.000000
44.693718
16.000000
44.949219
16.000000
45.248703
16.000000
45.043781
16.000000
44.984108
16.000000
44.565712
16.000000
45.008713
16.000000
45.264626
16.000000
44.536594
16.000000
44.454502
16.000000
45.116058
16.000000
44.543007
16.000000
44.476257
16.000000
45.254353
16.000000
44.531994
16.000000
44.649200
16.000000
44.613029
16.000000
44.967731
16.000000
45.167637
16.000000
44.677719
16.000000
45.422218
16.000000
45.335052
16.000000
44.901268
16.000000
44.693092
16.000000
45.360962
16.000000
44.742188
16.000000
45.186157
16.000000
45.165531
16.000000
44.652969
16.000000
44.533409
16.000000
45.377792
16.000000
45.142624
16.000000
45.334549
16.000000
45.100311
16.000000
45.106159
16.000000
44.670521
16.000000
44.587280
16.000000
44.532967
16.000000
44.890579
16.000000
44.467194
16.000000
45.314575
16.000000
44.819107
16.000000
44.677330
16.000000
45.225182
16.000000
45.385414
16.000000
45.354713
16.000000
45.234306
16.000000
45.374706
16.000000
45.389626
16.000000
45.452034
16.000000
44.862499
16.000000
44.592613
16.000000
45.336693
16.000000
44.527081
16.000000
44.741604
16.000000
45.235752
16.000000
44.553135
16.000000
44.920551
16.000000
44.504333
16.000000
44.965580
16.000000
44.809429
16.000000
44.902199
16.000000
45.350838
16.000000
44.732197
16.000000
44.680729
16.000000
45.219460
16.000000
45.242050
16.000000
45.231201
16.000000
45.072357
16.000000
44.639221
16.000000
45.241096
16.000000
45.149437
16.000000
45.039955
16.000000
45.179428
16.000000
45.276104
16.000000
44.904922
16.000000
44.847862
16.000000
44.605377
16.000000
45.153923
16.000000
45.047653
16.000000
44.832794
16.000000
44.586021
16.000000
45.339443
16.000000
45.407097
16.000000
45.047707
16.000000
44.948929
16.000000
44.478218
16.000000
44.602997
16.000000
45.309990
16.000000
44.496014
16.000000
45.149796
16.000000
45.250198
16.000000
44.680206
16.000000
44.978333
16.000000
44.975147
16.000000
44.883224
16.000000
44.761696
16.000000
44.548931
16.000000
45.180199
16.000000
44.679726
16.000000
44.826637
16.000000
45.335106
16.000000
45.064537
16.000000
45.045132
16.000000
44.569550
16.000000
45.282829
16.000000
44.535973
16.000000
45.345581
16.000000
44.506294
16.000000
44.491035
16.000000
44.687920
16.000000
45.147659
16.000000
45.079781
16.000000
44.967400
16.000000
44.931015
16.000000
44.546074
16.000000
45.064674
16.000000
44.869976
16.000000
45.290749
16.000000
44.464203
16.000000
44.640526
16.000000
44.849495
16.000000
44.656578
16.000000
45.330330
16.000000
45.137192
16.000000
45.399490
16.000000
44.881889
16.000000
44.892128
16.000000
44.480858
16.000000
44.734173
16.000000
45.287506
16.000000
44.879158
16.000000
45.202492
16.000000
45.230816
16.000000
44.649887
16.000000
44.910408
16.000000
45.350807
16.000000
44.672386
16.000000
45.205719
16.000000
45.122833
16.000000
44.759380
16.000000
44.918625
16.000000
44.845657
16.000000
45.115829
16.000000
44.605690
16.000000
44.906708
16.000000
45.301746
16.000000
44.611519
16.000000
44.628571
16.000000
45.101994
16.000000
45.230965
16.000000
44.616669
16.000000
44.925282
16.000000
44.597656
16.000000
44.759361
16.000000
44.645535
16.000000
44.956360
16.000000
44.772156
16.000000
45.368492
16.000000
44.766048
16.000000
44.733650
16.000000
44.651634
16.000000
44.814735
16.000000
44.833839
16.000000
44.831821
16.000000
44.697945
16.000000
44.769550
16.000000
45.325607
16.000000
45.172356
16.000000
45.423260
16.000000
45.381218
16.000000
44.745808
16.000000
45.193581
16.000000
44.913635
16.000000
44.950962
16.000000
44.473953
16.000000
45.401237
16.000000
44.552917
16.000000
44.927433
16.000000
45.398659
16.000000
45.213531
16.000000
45.426437
16.000000
44.656555
16.000000
44.680122
16.000000
44.921444
16.000000
45.157684
16.000000
44.934364
16.000000
44.917412
16.000000
44.646969
16.000000
45.056019
16.000000
45.302883
16.000000
45.299828
16.000000
45.072296
16.000000
45.143837
16.000000
44.867088
16.000000
45.287949
16.000000
44.950783
16.000000
45.447311
16.000000
44.769165
16.000000
45.387634
16.000000
44.973061
16.000000
45.295296
16.000000
45.283730
16.000000
45.148098
16.000000
45.241177
16.000000
45.179325
16.000000
44.592793
16.000000
45.174732
16.000000
44.498924
16.000000
45.340546
16.000000
45.271412
16.000000
44.971096
16.000000
45.422752
16.000000
44.654411
16.000000
44.716614
16.000000
45.081081
16.000000
45.003525
16.000000
44.968910
16.000000
45.439583
16.000000
45.072128
16.000000
45.007576
16.000000
45.068436
16.000000
45.420853
16.000000
45.010075
16.000000
45.224636
16.000000
44.992264
16.000000
44.695587
16.000000
44.477203
16.000000
45.194466
16.000000
45.212349
16.000000
45.398037
16.000000
44.645134
16.000000
44.878517
16.000000
45.310677
16.000000
44.796169
16.000000
44.815910
16.000000
44.601395
16.000000
45.166138
16.000000
45.250816
16.000000
45.004440
16.000000
45.378662
16.000000
44.531498
16.000000
45.406799
16.000000
44.711430
16.000000
44.469383
16.000000
45.032841
16.000000
45.360878
16.000000
44.771255
16.000000
44.979637
16.000000
45.263664
16.000000
45.209709
16.000000
45.004318
16.000000
44.837875
16.000000
45.139332
16.000000
44.686172
16.000000
44.484585
16.000000
45.321102
16.000000
45.186729
16.000000
44.459282
16.000000
44.479919
16.000000
45.117355
16.000000
44.560707
16.000000
44.882141
16.000000
44.941517
16.000000
44.963531
16.000000
44.825737
16.000000
44.456276
16.000000
44.621090
16.000000
44.937698
16.000000
44.990654
16.000000
44.579742
16.000000
44.966530
16.000000
45.082047
16.000000
44.939148
16.000000
44.696556
16.000000
44.832600
16.000000
45.233376
16.000000
45.008545
16.000000
44.668877
16.000000
44.612095
16.000000
44.729965
16.000000
44.478065
16.000000
44.941422
16.000000
45.187038
16.000000
44.804871
16.000000
45.032303
16.000000
45.282902
16.000000
44.609947
16.000000
44.753109
16.000000
45.191071
16.000000
44.675003
16.000000
44.651703
16.000000
44.469135
16.000000
44.873451
16.000000
45.388199
16.000000
44.646523
16.000000
45.036827
16.000000
44.625935
16.000000
45.139946
16.000000
44.922997
16.000000
44.577599
16.000000
45.395157
16.000000
44.840660
16.000000
44.504520
16.000000
44.671928
16.000000
44.759506
16.000000
44.601791
16.000000
45.412476
16.000000
44.662807
16.000000
45.111950
16.000000
44.912567
16.000000
44.947666
16.000000
45.049507
16.000000
45.062580
16.000000
44.483315
16.000000
44.544167
16.000000
45.121849
16.000000
44.580799
16.000000
44.934364
16.000000
45.158073
16.000000
44.801842
16.000000
45.140629
16.000000
45.329887
16.000000
45.029312
16.000000
44.937855
16.000000
44.657501
16.000000
45.402832
16.000000
44.996632
16.000000
44.599892
16.000000
44.715393
16.000000
45.114914
16.000000
44.495056
16.000000
44.551590
16.000000
44.456978
16.000000
45.091324
16.000000
44.455650
16.000000
45.179543
16.000000
44.946274
16.000000
45.249992
16.000000
45.065170
16.000000
45.386414
16.000000
45.298370
16.000000
45.106934
16.000000
44.518387
16.000000
45.118668
16.000000
44.779991
16.000000
44.597908
16.000000
45.037617
16.000000
45.287773
16.000000
44.937771
16.000000
45.299812
16.000000
45.022839
16.000000
44.844887
16.000000
44.847355
16.000000
44.869400
16.000000
44.588146
16.000000
44.699146
16.000000
44.774372
16.000000
45.096668
16.000000
44.719604
16.000000
44.722786
16.000000
45.005318
16.000000
44.479401
16.000000
44.717197
16.000000
44.916527
16.000000
45.048710
16.000000
45.229065
16.000000
45.271259
16.000000
45.198639
16.000000
44.752037
16.000000
44.908604
16.000000
45.178452
16.000000
44.853249
16.000000
45.035561
16.000000
45.413696
16.000000
45.043396
16.000000
44.634254
16.000000
45.028046
16.000000
44.590328
16.000000
45.364433
16.000000
44.905277
16.000000
45.405853
16.000000
44.684464
16.000000
45.350471
16.000000
44.631973
16.000000
45.145805
16.000000
45.110744
16.000000
44.968998
16.000000
45.223564
16.000000
45.184742
16.000000
44.644585
16.000000
45.342262
16.000000
45.188110
16.000000
44.544838
16.000000
44.595329
16.000000
45.148895
16.000000
44.841385
16.000000
44.479546
16.000000
44.609589
16.000000
45.264633
16.000000
44.655045
16.000000
44.996544
16.000000
44.636925
16.000000
45.015114
16.000000
45.053772
16.000000
44.816254
16.000000
44.475639
16.000000
45.080864
16.000000
45.069405
16.000000
45.041634
16.000000
44.982758
16.000000
44.614082
16.000000
44.988071
16.000000
44.720238
16.000000
44.840515
16.000000
45.116932
16.000000
45.314087
16.000000
44.589622
16.000000
44.929390
16.000000
45.326595
16.000000
45.366898
16.000000
44.476383
16.000000
45.162308
16.000000
44.553574
16.000000
44.693932
16.000000
44.833237
16.000000
44.961617
16.000000
45.056080
16.000000
45.135193
16.000000
45.276314
16.000000
45.217541
16.000000
45.267593
16.000000
45.106575
16.000000
45.325115
16.000000
44.732464
16.000000
44.731232
16.000000
45.104973
16.000000
44.720024
16.000000
44.778488
16.000000
44.926491
16.000000
45.414898
16.000000
44.558968
16.000000
44.889114
16.000000
44.984787
16.000000
45.218407
16.000000
44.576500
16.000000
45.034004
16.000000
45.137405
16.000000
44.866638
16.000000
44.847008
16.000000
45.126022
16.000000
45.293793
16.000000
45.013264
16.000000
45.167843
16.000000
45.116566
16.000000
44.959774
16.000000
45.327591
16.000000
44.622925
16.000000
44.971359
16.000000
45.315693
16.000000
44.937210
16.000000
44.759857
16.000000
45.414562
16.000000
44.830402
16.000000
45.240536
16.000000
44.627113
16.000000
44.715782
16.000000
44.737759
16.000000
45.074203
16.000000
45.347885
16.000000
44.761429
16.000000
44.982830
16.000000
44.995583
16.000000
44.531013
16.000000
45.376671
16.000000
44.931030
16.000000
45.123116
16.000000
44.861610
16.000000
44.595943
16.000000
44.913040
16.000000
45.252403
16.000000
44.793465
16.000000
45.042557
16.000000
45.152454
16.000000
44.848652
16.000000
44.573174
16.000000
44.555527
16.000000
44.718163
16.000000
44.644260
16.000000
44.866287
16.000000
45.297958
16.000000
45.171661
16.000000
44.884640
16.000000
44.657845
16.000000
44.817345
16.000000
45.130119
16.000000
45.172920
16.000000
45.249542
16.000000
44.917671
16.000000
44.896996
16.000000
45.401718
16.000000
45.109383
16.000000
45.446472
16.000000
45.219261
16.000000
45.433655
16.000000
44.588318
16.000000
45.415173
16.000000
45.157776
16.000000
44.750458
16.000000
45.404907
16.000000
45.052116
16.000000
45.422386
16.000000
44.547287
16.000000
44.679642
16.000000
45.203819
16.000000
45.147156
16.000000
45.039314
16.000000
44.637398
16.000000
44.998085
16.000000
44.707783
16.000000
44.924671
16.000000
44.790962
16.000000
44.474472
16.000000
44.812172
16.000000
45.022884
16.000000
45.025963
16.000000
44.520157
16.000000
45.140427
16.000000
44.742058
16.000000
45.111248
16.000000
44.679924
16.000000
45.366920
16.000000
45.208538
16.000000
45.435883
16.000000
44.915855
16.000000
44.629368
16.000000
44.745956
16.000000
45.364594
16.000000
44.521698
16.000000
44.582130
