0.225457
-0.089378
0.453567
-0.035875
-0.185966
-0.097521
-0.190229
-2.597760
-2.816217
-2.583370
-1.990830
-2.105463
-1.800658
-4.983806
-4.398398
-3.298834
-3.035686
-2.942350
-5.346095
-5.073479
-4.227746
-4.278112
-3.847058
-5.991944
-5.524940
-4.968122
-4.522079
-7.361557
-6.403126
-5.403395
-5.197366
-7.453094
-7.271205
-6.627859
-5.755089
-8.342638
-7.096286
-6.552364
-5.483020
-7.944376
-7.373605
-7.202315
-5.946811
-8.633076
-7.332423
-6.382331
-6.596481
-8.384845
-8.140673
-7.153810
-9.265983
-8.125343
-7.889270
-10.050478
-8.742395
-7.798593
-10.033860
-9.275543
-7.752253
-10.549334
-8.991942
-7.906632
-10.080039
-9.887766
-8.642672
-10.771114
-9.277200
-8.186182
-11.047901
-9.315123
-9.080237
-10.520150
-10.217092
-8.436989
-10.662312
-9.666219
-8.918963
-10.993556
-10.090118
-8.972926
-10.550787
-9.856544
-8.484091
-10.803691
-9.757694
-8.502766
-11.444959
-9.893217
-8.515678
-11.408755
-9.866153
-9.176905
-11.108020
-10.048295
-9.139542
-11.159911
-9.821348
-9.418794
-11.119611
-9.741817
-9.105245
-10.652789
-10.061296
-8.876669
-10.724186
-9.468141
-8.952256
-11.158128
-9.469913
-8.797381
-10.962715
-9.911348
-8.474154
-10.789868
-10.132956
-11.943366
-11.151335
-13.075964
-11.050966
-12.957529
-12.039189
-14.136509
-12.814632
-13.771248
-12.898633
-14.601816
-12.912953
-15.043741
-13.251804
-15.398520
-13.491178
-15.086254
-13.105006
-15.655411
-13.885092
-15.274340
-13.597505
-15.268732
-14.173191
-15.167615
-14.382447
-15.579626
-14.414404
-15.851137
-13.958742
-15.752556
-13.772974
-15.605719
-14.112987
-15.584716
-14.119755
-15.693477
-13.813911
-15.269000
-13.977833
-15.687004
-13.721315
-15.869424
-14.032367
-15.680058
-13.810537
-16.047316
-13.867085
-15.847586
-14.311647
-16.185886
-14.528318
-16.211927
-13.948509
-16.275574
-13.919159
-16.138077
-14.145520
-15.550876
-14.575275
-15.881489
-14.454795
-15.631445
-14.327749
-15.923268
-14.620516
-15.659063
-14.667956
-16.052561
-14.007265
-16.082619
-13.926544
-16.089146
-13.848219
-15.757974
-14.478178
-15.305808
-14.165119
-15.742017
-14.004731
-15.611864
-14.356080
-16.247561
-13.718049
-16.109018
-14.199922
-16.116236
-13.980382
-15.659776
-14.410527
-15.710707
-14.619961
-16.278152
-14.514594
-15.732688
-14.244721
-15.597916
-14.173491
-16.077047
-14.702586
-16.068144
-13.933864
-15.479519
-13.945256
-16.192789
-14.111990
-15.693940
-14.474515
-15.966084
-14.546411
-15.957167
-14.597186
-15.840409
-13.954186
-16.110481
-14.656960
-16.007374
-13.916290
-15.953022
-14.179347
-15.665174
-14.602365
-15.471041
-13.884186
-15.513668
-14.688808
-15.669349
-14.578776
-15.504243
-13.980028
-15.637270
-14.346132
-15.675312
-14.684289
-15.571446
-14.326874
-15.602430
-14.148444
-15.453558
-14.063290
-15.910650
-13.990743
-15.485507
-14.642427
-15.549888
-14.157139
-15.706841
-14.384459
-16.213085
-14.563138
-15.379773
-14.573801
-16.266636
-14.608320
-16.202257
-14.240062
-15.871090
-14.245546
-16.247704
-13.898988
-15.957808
-14.537388
-16.006775
-14.599437
-15.437971
-14.557031
-15.499964
-14.352585
-15.300454
-14.039431
-16.079893
-14.168256
-15.957675
-13.860217
-15.749154
-14.555608
-16.262709
-13.924246
-15.462218
-14.041982
-16.133635
-14.270570
-16.177221
-13.952836
-16.031437
-14.533025
-15.719137
-14.614949
-15.562461
-14.434827
-15.681748
-14.571213
-15.530807
-13.766578
-15.466518
-14.445851
-15.854949
-13.786389
-15.786953
-14.062484
-16.178869
-14.482357
-15.744166
-14.127455
-16.019850
-14.170878
-16.000093
-14.198693
-15.684927
-14.076563
-16.221209
-14.304235
-15.686212
-14.660965
-16.277227
-13.844192
-15.766335
-13.906740
-15.871232
-14.369766
-16.043854
-14.145319
-15.730113
-14.127485
-15.756661
-14.119123
-16.173840
-14.606663
-15.961361
-13.885853
-15.438456
-14.247323
-15.503970
-14.267930
-15.635636
-13.818922
-15.625718
-14.276075
-15.755631
-14.323509
-16.054985
-14.042798
-15.313369
-14.641512
-15.364467
-14.065956
-15.704786
-14.560349
-15.914720
-14.136596
-15.913353
-13.782483
-15.367137
-14.447539
-15.909495
-14.187698
-15.661057
-13.745942
-15.327335
-13.801793
-15.362197
-14.047361
-15.628405
-13.828377
-15.883368
-14.646116
-15.367868
-13.888428
-15.934535
-14.410412
-15.554393
-14.361148
-16.275984
-13.742514
-15.941922
-13.847757
-15.859431
-13.923739
-15.950207
-14.583597
-16.164467
-14.182932
-16.105690
-13.819978
-15.854705
-14.436893
-16.275877
-14.177185
-15.352509
-14.707815
-15.911381
-14.151187
-15.898068
-13.811285
-16.274420
-14.234488
-16.071974
-14.523859
-15.936157
-13.770526
-16.021603
-13.752597
-15.452836
-14.401976
-15.296857
-14.652412
-16.112741
-14.531687
-15.325904
-14.411723
-16.185232
-14.591848
-15.511008
-13.987506
-15.906920
-13.790665
-15.412827
-13.778640
-15.920421
-14.223645
-15.737784
-13.978152
-16.127035
-14.413973
-15.300188
-14.605901
-15.919284
-14.295262
-15.760833
-14.430095
-15.488177
-14.148912
-16.211399
-14.319306
-15.555545
-13.901734
-15.866387
-14.696491
-15.837102
-13.998999
-15.383536
-14.175347
-16.250025
-14.285749
-16.200754
-14.231247
-15.383980
-14.142574
-15.755090
-14.279836
-15.452209
-14.156600
-15.508833
-13.864656
-15.410933
-14.035863
-15.915932
-14.649926
-16.129196
-13.729452
-16.098896
-14.571521
-15.788237
-14.630893
-15.623353
-14.406597
-15.539675
-13.946797
-15.863666
-13.947081
-16.122486
-14.621704
-15.641531
-13.757012
-15.654683
-14.653317
-15.894540
-13.789093
-15.386311
-13.778740
-15.778091
-14.637864
-16.195911
-13.918912
-15.843492
-13.886813
-15.296313
-14.557033
-16.227526
-14.261209
-16.247887
-14.188425
-15.586741
-14.377840
-15.844881
-14.535355
-15.789294
-14.493375
-16.205257
-14.597422
-15.725657
-14.567364
-15.440129
-14.512450
-15.885819
-14.102500
-16.135563
-13.828770
-15.715819
-14.247994
-15.810567
-13.736309
-15.403944
-14.137705
-16.089348
-14.210587
-15.666739
-14.389609
-15.349725
-14.327159
-16.123096
-13.921887
-16.167959
-14.533600
-15.404643
-13.997116
-16.012320
-14.367709
-15.410486
-14.578100
-15.687918
-13.867475
-16.014015
-14.014161
-15.606521
-14.151922
-16.218355
-14.540913
-16.271843
-13.822732
-15.303483
-14.444333
-16.000650
-14.284701
-15.764834
-14.463607
-16.098867
-14.360046
-16.035543
-14.029260
-16.162905
-13.924317
-15.702368
-14.320212
-15.987120
-14.203333
-15.410169
-14.159041
-15.907086
-14.374592
-15.753922
-14.677310
-15.616658
-14.518309
-15.858940
-13.846901
-16.176126
-13.955741
-15.683825
-14.405342
-15.866274
-14.514184
-15.703718
-14.239899
-15.564345
-13.835362
-15.900067
-13.723695
-15.997406
-13.721562
-16.236950
-14.430827
-15.787059
-13.844209
-16.109900
-14.694467
-15.305603
-13.805251
-15.329253
-14.172763
-16.107018
-13.764504
-15.968176
-14.076447
-16.177580
-14.374565
-15.813849
-14.380244
-15.639338
-14.624430
-15.921381
-14.278047
-15.974924
-13.788941
-15.575825
-13.750414
-15.417208
-14.242564
-15.450495
-13.903603
-15.564396
-14.595243
-15.530937
-14.531790
-15.647317
-14.472150
-15.922494
-14.348318
-16.280872
-13.754233
-15.546341
-14.092175
-15.466943
-13.901569
-16.101126
-14.098150
-15.530717
-14.596404
-16.116257
-13.784568
-15.731791
-13.884910
-15.454291
-14.104341
-15.817864
-14.144496
-15.810597
-13.880392
-16.018787
-13.747616
-16.034512
-14.338074
-15.986536
-14.179520
-15.510050
-14.419005
-15.668182
-14.448763
-15.984519
-14.410273
-15.859054
-13.719226
-16.238817
-14.499829
-15.828956
-13.930157
-15.540587
-13.981332
-15.650085
-14.182555
-15.572316
-13.954614
-15.352852
-13.915609
-15.403857
-14.692391
-15.328028
-14.485199
-15.458611
-14.377088
-15.679850
-14.703671
-16.022852
-14.300199
-15.293233
-14.385711
-15.531691
-14.658686
-16.191078
-13.774550
-15.347554
-14.410483
-15.325935
-13.795064
-15.328088
-14.624751
-15.926773
-13.781013
-15.460804
-14.175200
-16.011343
-14.172224
-15.348613
-13.980213
-15.852581
-14.687263
-15.669083
-14.428353
-15.440806
-14.332201
-15.842947
-14.329469
-15.732753
-14.271983
-15.639071
-14.500231
-15.455473
-13.746084
-15.950741
-13.896415
-15.928438
-14.556094
-16.128803
-14.145175
-15.655243
-13.891140
-15.881705
-13.820547
-15.778468
-14.360652
-15.987092
-14.620589
-15.980714
-13.799289
-15.540347
-14.287414
-15.726759
-14.618942
-16.275331
-13.977807
-15.688870
-13.981401
-15.536934
-13.737671
-15.341857
-14.285578
-15.406582
-14.324152
-15.720217
-13.871387
-16.266521
-14.281986
-15.449686
-14.401478
-16.112423
-14.208231
-15.695609
-13.924505
-15.438959
-14.100581
-16.207876
-14.662402
-15.739702
-14.554390
-15.557371
-14.273120
-16.031956
-14.369808
-15.903412
-13.759298
-15.597948
-14.369764
-15.604538
-14.078737
-15.403823
-14.376950
-16.012856
-13.778793
-15.473284
-13.765114
-16.206339
-14.407185
-16.040716
-14.272574
-15.995656
-14.512600
-15.446777
-14.439798
-15.624010
-14.647450
-16.145231
-14.192168
-15.511130
-14.463282
-15.751522
-14.567707
-15.714005
-13.748792
-16.199261
-14.251489
-15.500615
-14.341158
-16.093830
-14.551346
-15.746869
-14.298309
-15.670574
-14.602825
-15.908815
-13.718756
-15.741879
-14.170835
-15.708731
-13.763245
-15.388369
-14.655545
-16.226198
-14.389013
-16.225037
-14.590504
-15.586533
-14.416643
-15.826668
-13.991447
-15.532951
-13.948458
-15.444044
-14.283352
-15.486295
-14.613404
-15.508705
-14.316283
-15.713029
-14.607569
-16.093033
-14.462607
-15.534263
-14.489308
-15.346096
-14.649051
-15.638337
-14.706514
-16.164177
-13.787793
-15.483839
-14.077772
-16.117523
-14.280086
-15.546729
-14.321256
-15.533103
-13.871964
-16.110491
-13.980932
-16.289408
-13.888270
-15.674869
-14.562762
-16.032028
-14.042154
-16.199131
-14.061049
-15.961359
-14.699844
-15.676165
-14.700488
-16.252340
-13.829270
-15.381104
-14.372053
-15.887563
-14.150891
-15.302486
-13.954114
-15.511587
-14.403019
-15.563572
-14.580009
-16.252579
-14.585656
-15.748329
-14.690647
-15.305974
-13.916136
-15.777497
-13.910224
-15.995891
-13.780128
-16.222147
-14.185529
-16.177887
-13.997088
-15.499991
-13.819026
-15.304326
-14.233949
-16.138205
-14.605961
-15.891891
-14.683892
-16.257664
-13.887085
-16.102610
-14.104568
-15.848832
-14.611126
-15.326020
-14.320815
-15.632688
-14.131218
-15.991901
-14.542306
-15.737140
-14.126921
-16.117741
-13.851055
-15.852306
-14.181594
-15.852731
-13.832308
-16.023634
-14.280919
-15.499026
-13.728303
-16.188953
-14.621366
-15.672065
-13.863597
-15.759315
-14.590872
-16.248707
-13.805098
-15.627443
-14.608566
-15.720230
-13.734374
-15.331686
-14.646156
-16.064405
-14.515063
-15.681357
-13.986851
-15.747477
-14.315263
-16.288343
-13.936486
-15.795439
-14.190701
-16.175653
-14.455693
-15.687517
-14.192386
-15.652739
-14.402552
-15.660378
-14.523139
-15.501420
-14.247795
-15.807816
-14.308327
-15.916571
-14.185845
-15.433774
-14.687529
-15.623189
-14.057948
-15.780667
-13.882546
-15.536252
-14.703186
-15.650091
-14.091004
-16.183693
-13.953045
-15.349236
-14.640304
-15.953562
-14.530452
-15.650071
-14.549400
-15.808580
-14.136603
-15.305059
-14.575290
-15.751626
-14.590580
-15.952178
-14.105865
-15.467761
-14.680016
-15.767658
-14.635439
-15.593844
-14.661194
-15.831248
-14.069812
-16.265320
-13.781713
-15.672942
-13.964327
-16.082855
-14.378922
-15.683868
-13.723541
-15.991074
-14.521261
-16.171253
-14.032590
-15.769968
-14.561650
-15.351755
-13.793682
-16.285254
-13.740090
-15.379774
-13.935402
-15.706702
-14.050299
-16.246487
-14.094836
-15.624773
-14.548930
-16.220175
-14.113761
-15.722680
-14.143996
-15.754250
-14.244147
-15.960449
-14.550338
-16.136032
-14.355489
-16.247440
-13.785942
-15.627005
-14.284124
-15.944253
-14.600441
-15.861951
-14.707208
-15.836989
-14.211703
-16.236259
-14.183381
-15.887465
-14.089568
-15.666835
-14.418870
-15.298222
-13.960839
-15.532969
-13.729641
-15.525395
-14.194286
-15.491661
-14.524614
-16.200075
-14.472528
-15.639544
-14.185678
-15.837004
-14.103144
-16.167681
-13.970752
-16.174204
-13.943766
-15.623931
-13.737031
-15.450865
-14.089309
-16.280188
-13.823813
-15.797618
-14.469233
-15.399627
-14.516809
-15.377534
-14.293107
-15.589344
-14.563754
-15.642826
-14.023357
-15.628304
-13.968719
-16.139082
-14.574331
-16.119329
-14.452168
-16.141865
-13.906746
-16.023687
-14.330758
-15.490885
-14.499075
-15.335100
-14.396414
-16.017727
-13.797319
-15.627537
-14.277835
-16.271446
-13.738525
-15.697690
-13.860359
-15.559472
-13.933681
-15.638037
-14.537020
-15.335680
-13.761787
-15.546300
-14.201343
-16.025351
-13.762692
-16.212078
-13.972144
-15.340073
-14.426936
-15.348741
-14.429953
-15.501778
-14.044010
-16.075449
-13.821374
-16.064501
-14.634547
-16.188740
-13.727464
-16.281929
-14.419614
-15.978063
-14.530169
-15.549804
-13.908534
-15.691777
-14.359394
-16.149498
-13.886007
-15.431810
-14.188714
-15.737919
-14.659749
-16.106529
-14.693384
-15.324747
-14.435103
-15.952132
-14.173581
-15.369754
-13.953118
-15.867979
-13.807723
-16.163294
-13.795060
-15.848488
-14.644053
-16.254412
-14.065701
-16.138393
-14.302036
-15.319460
-14.318586
-16.149788
-14.326165
-16.021660
-14.133711
-16.039173
-14.459752
-16.082542
-14.350208
-15.685963
-14.070074
-15.745440
-13.853953
-15.342237
-13.899610
-15.340506
-14.485928
-16.157742
-14.562472
-15.538754
-14.621678
-16.084995
-14.333030
-15.783620
-14.651204
-16.124876
-13.962596
-15.304430
-14.306787
-15.419915
-13.861003
-15.871971
-13.803351
-15.606400
-13.761752
-15.509384
-14.275717
-15.912238
-14.314553
-15.739363
-13.718079
-16.134411
-14.287193
-15.944600
-14.638146
-16.247755
-14.677573
-15.293457
-14.702075
-15.294125
-14.597649
-15.294635
-13.950525
-15.929490
-14.455367
-15.678211
-14.085729
-15.301497
-13.804101
-15.414279
-14.163249
-15.388774
-14.334397
-15.769123
-14.134727
-15.947677
-14.419394
-16.053120
-14.001821
-16.082375
-14.204100
-16.078011
-14.125846
-16.110126
-14.178242
-15.819571
-13.739078
-15.629690
-14.443214
-15.557324
-14.014698
-15.757694
-14.299949
-16.251389
-14.346061
-16.206335
-14.646985
-16.287365
-14.216492
-16.150156
-14.474535
-16.183603
-13.730710
-15.734464
-13.764744
-16.199244
-14.349426
-15.660912
-14.320390
-15.398522
-13.798699
-15.663987
-14.441841
-15.665893
-13.901480
-15.500444
-14.338412
-16.037004
-14.049977
-15.690426
-14.615893
-16.041542
-14.399245
-16.062071
-14.167391
-15.833462
-14.618088
-15.859152
-14.001437
-16.165640
-13.893730
-15.726309
-13.902767
-15.748644
-14.087419
-16.214844
-13.881375
-16.116009
-14.511476
-15.447632
-14.191309
-16.092333
-14.331179
-15.316703
-14.029168
-15.682910
-14.701062
-15.602419
-13.725170
-16.003952
-14.342769
-15.963278
-14.027819
-15.952142
-13.810001
-15.665538
-14.233504
-16.258085
-14.261994
-15.344676
-14.609767
-15.661439
-13.989443
-15.362037
-14.167558
-15.974579
-14.137423
-16.181849
-14.569779
-16.151913
-14.086400
-15.828468
-14.127959
-15.331964
-14.213979
-16.128492
-14.256865
-15.581951
-14.606427
-15.408298
-13.862614
-15.731688
-13.873371
-15.612654
-14.600162
-16.270308
-14.134653
-15.453844
-13.737967
-16.099943
-14.015087
-16.223068
-14.571005
-15.965636
-14.301643
-15.398793
-14.309449
-15.611670
-14.596654
-16.073347
-14.541527
-15.330755
-13.995068
-15.386170
-14.123045
-16.132357
-14.267187
-15.857460
-13.713080
-15.463001
-13.749668
-15.626358
-14.544913
-15.689315
-14.014990
-15.785761
-14.658953
-15.680075
-14.453752
-15.834432
-14.104996
-16.162306
-13.874849
-15.657751
-14.395499
-16.050030
-14.535185
-15.651662
-14.467054
-15.669043
-14.656275
-15.485938
-14.123956
-15.416625
-13.784895
-15.601881
-13.770482
-15.709450
-14.336589
-15.680638
-14.040591
-15.324632
-13.959695
-16.103252
-13.869908
-15.356170
-13.779735
-16.288788
-14.560758
-15.928776
-14.509106
-15.682920
-13.847481
-15.372296
-14.312209
-15.363533
-14.336241
-15.375955
-14.217096
-16.170061
-13.804138
-16.060564
-13.920977
-15.934940
-14.607402
-16.274765
-13.947010
-15.843472
-13.902693
-15.425937
-13.821341
-16.015081
-14.030272
-15.900893
-14.422879
-15.781751
-14.149824
-16.258266
-13.744306
-15.999911
-14.609561
-15.915592
-13.784998
-15.798439
-14.527470
-15.349970
-14.566483
-15.953769
-14.308722
-15.291502
-14.478254
-15.405995
-14.468206
-16.146255
-14.410107
-16.011597
-13.973480
-16.023615
-14.238890
-15.893545
-14.599068
-15.562548
-14.161202
-16.209682
-13.923615
-15.648904
-14.127075
-15.477325
-14.271798
-16.255171
-14.322385
-16.148951
-13.746592
-15.501719
-14.547257
-16.199219
-14.191417
-15.759253
-13.830719
-16.269922
-14.022758
-15.603581
-14.526361
-16.192492
-14.257124
-15.927443
-14.267065
-15.322751
-13.801595
-15.446515
-13.772373
-15.942554
-13.960136
-15.763787
-14.223381
-15.992567
-14.505171
-15.843350
-14.229693
-16.277071
-14.036142
-15.513704
-13.833543
-15.764241
-14.213563
-15.431368
-14.409127
-15.397103
-14.628366
-15.607496
-13.747235
-15.545264
-13.748850
-15.731318
-13.977095
-15.912738
-13.765539
-15.763822
-13.815535
-15.681597
-14.291456
-15.462410
-14.039524
-15.517223
-14.573040
-15.967014
-14.277419
-16.020060
-14.453529
-15.452189
-14.312403
-15.891238
-14.344007
-16.124401
-13.735759
-15.636015
-14.471600
-16.175175
-14.510575
-15.626390
-14.369754
-15.851269
-14.658319
-16.120819
-14.175344
-15.989851
-14.490574
-16.013065
-14.088785
-15.441500
-14.496099
-15.299135
-13.728578
-15.926199
-13.719345
-15.770146
-14.698631
-16.183649
-14.045382
-15.916178
-14.430115
-16.155849
-14.339754
-16.202646
-13.859016
-15.700460
-14.274298
-15.770191
-14.026543
-15.689405
-13.801617
-16.282364
-14.633605
-15.304577
-14.323116
-15.347090
-14.679420
-16.121296
-14.224489
-15.895091
-14.520727
-15.885998
-14.147784
-16.245277
-13.905217
-15.367592
-13.946873
-15.654460
-14.668604
-15.706841
-13.732428
-16.192329
-14.109506
-15.878400
-14.190207
-15.864878
-13.921679
-15.953335
-13.959702
-15.691168
-14.685934
-16.019133
-14.261352
-15.660662
-14.185266
-15.369053
-13.974070
-15.776917
-14.427644
-15.864948
-13.981444
-15.776160
-14.033340
-15.419964
-14.480745
-15.305340
-13.722528
-16.246864
-14.550701
-15.361213
-13.827664
-16.101036
-13.844284
-15.332687
-14.085908
-15.337155
-14.480099
-15.417853
-14.395449
-15.953858
-14.501587
-15.490252
-14.136308
-15.655373
-14.197277
-15.870352
-14.299489
-16.274052
-14.401978
-15.863078
-14.357012
-16.002615
-13.866187
-15.797927
-13.810924
-15.585207
-14.563621
-15.984004
-14.365211
-15.834314
-14.208600
-16.034805
-14.228689
-16.099239
-14.468235
-15.565930
-13.715188
-16.109735
-14.541652
-15.290388
-14.212083
-16.112463
-14.503692
-15.923010
-14.288481
-15.878767
-14.014627
-15.452546
-13.775068
-15.321361
-14.066739
-15.515927
-14.008473
-15.810679
-14.085959
-15.350078
-14.529302
-15.521124
-14.111646
-15.349273
-13.754095
-15.344584
-14.694249
-15.459414
-13.901552
-16.159998
-14.220703
-16.197596
-13.854223
-16.226679
-14.661981
-15.685603
-14.591934
-15.671652
-14.203499
-15.551084
-13.801601
-16.173693
-14.245435
-15.412544
-13.966518
-15.562654
-13.801104
-15.863775
-14.321162
-16.042887
-14.219847
-15.621801
-14.487854
-15.962737
-13.867015
-16.096323
-13.962125
-15.611843
-14.455759
-15.801924
-14.149567
-16.056877
-14.677465
-16.053373
-14.563742
-15.429148
-14.377386
-16.042746
-13.897039
-16.003969
-14.071940
-15.880048
-13.922945
-15.689003
-14.068915
-16.248360
-14.408142
-15.616529
-13.778523
-15.531613
-14.318801
-15.573231
-14.564346
-16.008804
-14.174096
-15.672817
-14.665705
-15.727480
-14.597392
-15.414731
-14.460046
-15.332168
-14.520963
-15.401174
-14.171239
-16.089128
-14.446184
-15.633604
-13.830973
-15.919292
-14.207820
-15.698483
-14.697611
-15.909552
-14.395082
-15.408689
-14.540010
-16.170694
-14.242191
-15.807837
-14.057292
-15.350846
-14.111961
-15.961384
-14.179496
-15.395379
-14.025423
-15.708218
-14.072461
-15.465415
-14.494689
-15.770050
-14.167598
-15.543049
-14.065249
-16.270596
-13.800488
-16.073395
-14.158530
-15.302760
-14.468093
-16.172718
-14.344638
-15.663928
-14.051341
-15.332020
-14.556085
-16.028107
-14.595450
-15.580849
-14.474678
-16.230619
-14.025525
-15.634993
-13.891430
-15.969459
-14.188528
-15.300417
-14.575749
-15.397642
-14.646326
-15.620498
-14.384369
-15.373470
-13.772396
-16.087896
-14.358401
-15.969617
-14.175167
-16.015360
-14.094997
-15.873498
-14.679633
-16.264069
-14.690897
-15.329850
-13.944010
-15.987010
-14.151588
-15.755575
-13.867436
-15.618436
-13.714625
-16.057142
-13.745298
-15.403768
-14.609959
-15.571198
-14.003817
-15.992351
-14.049614
-15.479314
-13.825186
-15.769379
-14.379440
-15.348137
-13.921063
-15.920092
-14.107262
-15.972859
-14.602374
-16.140232
-14.206529
-15.949301
-14.099335
-15.352437
-13.816488
-15.589949
-13.850711
-16.065826
-14.436918
-15.924405
-13.933173
-15.441049
-14.374369
-15.340372
-14.343172
-15.636452
-13.744672
-16.207424
-14.080040
-15.440332
-13.944247
-15.985580
-13.942245
-15.472486
-14.018007
-16.184525
-13.794025
-15.438993
-14.592118
-15.592513
-13.812606
-15.932367
-14.367353
-15.848661
-14.252288
-15.791299
-13.871912
-15.438870
-14.380923
-15.640699
-13.860885
-15.797488
-14.003433
-16.270681
-14.568482
-15.978218
-14.644795
-15.385743
-14.603014
-15.906919
-14.076035
-15.499214
-14.027733
-16.209482
-14.402078
-16.254963
-14.228042
-15.365250
-13.841571
-16.274403
-14.051762
-16.238518
-13.715844
-16.156082
-14.411303
-15.621536
-14.313856
-15.882662
-14.611472
-16.197622
-14.494962
-15.723889
-14.057674
-15.401855
-14.277706
-15.756676
-14.481516
-15.473403
-14.172092
-15.963595
-14.245125
-15.518110
-14.258519
-15.347947
-14.045553
-15.330917
-14.550792
-15.710895
-14.696582
-15.955089
-14.341644
-15.751135
-14.259596
-15.467897
-14.406660
-15.462461
-14.569262
-15.658144
-13.933981
-16.145147
-14.104297
-15.967426
-14.083508
-15.710932
-14.343707
-16.201757
-13.930423
-15.955889
-13.730065
-16.069084
-14.407916
-16.235889
-14.064755
-16.252335
-14.452761
-15.425648
-14.426185
-15.659523
-14.624032
-15.737161
-14.589112
-16.100468
-14.444446
-16.156931
-14.032780
-15.758615
-14.310199
-15.865250
-14.441174
-15.821068
-14.067703
-15.898368
-14.192426
-15.450957
-14.480982
-16.231573
-14.679673
-16.037006
-13.941034
-15.746008
-13.972590
-15.861887
-14.051764
-16.105122
-14.397357
-15.834248
-13.725541
-15.406323
-13.843143
-16.181801
-14.598037
-15.841596
-14.298054
-15.849206
-14.625176
-15.660279
-14.652474
-15.327934
-13.801939
-15.644551
-13.911881
-16.111732
-13.764051
-16.002766
-13.927974
-15.378695
-14.150580
-16.251099
-14.651530
-16.135099
-14.248156
-15.321851
-13.870182
-16.052244
-14.635477
-15.318793
-13.728231
-15.632158
-14.501218
-15.546854
-14.372129
-15.402580
-14.698478
-15.418721
-14.306620
-16.074091
-13.901836
-15.902782
-14.598365
-15.891516
-14.204460
-16.228579
-14.193472
-15.872352
-14.048297
-15.571259
-13.897392
-15.390513
-14.180155
-15.393254
-13.915692
-15.488928
-14.415926
-16.036922
-13.899376
-15.695511
-14.691385
-15.483905
-14.337462
-16.026924
-14.328099
-16.253563
-14.124660
-16.268738
-14.005949
-16.238968
-14.681977
-16.186546
-14.672244
-15.559572
-14.704546
-16.122831
-13.731810
-15.728165
-14.515631
-15.902409
-13.905909
-15.516600
-14.352686
-15.782760
-13.999969
-15.727654
-14.302260
-16.227226
-14.690306
-15.993501
-14.594518
-16.238159
-14.275707
-15.842976
-14.274049
-16.082445
-14.453993
-15.657902
-13.937019
-15.612692
-14.015026
-16.066309
-13.807181
-15.739168
-14.632969
-15.339716
-14.401638
-16.001190
-14.096836
-15.916060
-14.142187
-15.998219
-14.150187
-15.850237
-14.649421
-15.471570
-14.355910
-15.429111
-14.384052
-16.107956
-14.453584
-15.691885
-14.578185
-15.979945
-14.089879
-15.493284
-14.447147
-16.275625
-14.700263
-16.131918
-14.141428
-15.461508
-14.694005
-16.107807
-14.611534
-15.542456
-14.216072
-15.367719
-14.480054
-15.916656
-13.796306
-16.249378
-14.454081
-16.288164
-14.203502
-15.951404
-14.576207
-15.289644
-13.856168
-15.795647
-14.165851
-15.980198
-14.125080
-15.623556
-14.248217
-15.622446
-14.502789
-15.735353
-13.949463
-15.558589
-13.996238
-15.945271
-14.475541
-15.290035
-14.185003
-16.246788
-13.976421
-16.180155
-14.127539
-16.154015
-13.896560
-15.867655
-14.200920
-15.803595
-14.179163
-15.750726
-14.424813
-16.195223
-14.483550
-15.679440
-14.123578
-15.466785
-14.705851
-15.648878
-14.003287
-15.656522
-14.131989
-15.746572
-14.679822
-15.930671
-14.464987
-15.481764
-13.930031
-16.237532
-13.714883
-15.529512
-14.395836
-15.385838
-14.195874
-15.382452
-14.390244
-15.546386
-14.115788
-15.302521
-14.395762
-16.101971
-14.467225
-16.197927
-13.813358
-16.258215
-13.905066
-15.814079
-14.336662
-15.849966
-13.787270
-16.179075
-13.824030
-16.147125
-14.571057
-16.182804
-14.235475
-16.274946
-14.421146
-15.547333
-14.460969
-16.210123
-14.145911
-16.114315
-13.776757
-15.462486
-13.749338
-16.188919
-13.919661
-15.960563
-14.338327
-15.904915
-13.980778
-15.723879
-14.205371
-16.083805
-14.629395
-15.479753
-13.870770
-15.705256
-14.110988
-15.658932
-14.361942
-15.881071
-13.736531
-16.219698
-14.537637
-16.096037
-13.857110
-15.367714
-14.643764
-16.176199
-14.298086
-15.495844
-13.802656
-16.263762
-13.921481
-16.221348
-14.323179
-16.012403
-14.496689
-15.581946
-13.909350
-16.000116
-14.050537
-16.276320
-14.371987
-15.414840
-14.661104
-16.286306
-14.664422
-15.824781
-14.025397
-15.316705
-14.701184
-15.855665
-14.113847
-15.679577
-14.668232
-16.237034
-14.600161
-15.860449
-14.518508
-16.089600
-13.738610
-16.090750
-14.478610
-15.436314
-14.514297
-15.299962
-14.634764
-15.860734
-14.145875
-16.219185
-13.772641
-15.980254
-14.522210
-15.792327
-14.668630
-15.667707
-13.810469
-16.257650
-14.226625
-16.240463
-13.999619
-15.403784
-14.248690
-15.830371
-14.357465
-15.656048
-14.058413
-15.950285
-14.029642
-16.068718
-14.177175
-15.552888
-14.047518
-15.724099
-14.057138
-15.462445
-14.057626
-16.138519
-14.683384
-16.148256
-14.571082
-15.618332
-13.993243
-15.657494
-13.863865
-16.168533
-14.015272
-15.476060
-14.084597
-15.784311
-13.717359
-15.645870
-14.665623
-15.528677
-14.305915
-15.837233
-14.033875
-15.953869
-14.576818
-15.497380
-13.890209
-15.929100
-13.939972
-15.415648
-14.157955
-15.613682
-13.999354
-16.097675
-14.596579
-15.461361
-13.855922
-16.226868
-14.306794
-15.364291
-14.344735
-15.771672
-14.080222
-15.587804
-14.658568
-15.492141
-13.756050
-16.139214
-13.918012
-15.867759
-14.415879
-15.864460
-14.180349
-15.608974
-13.824701
-15.818133
-14.387573
-15.851759
-13.843216
-15.935367
-13.995652
-15.765685
-14.085966
-15.954484
-14.694426
-15.965944
-14.704000
-15.829483
-14.474370
-15.818871
-13.964360
-15.915885
-13.779449
-16.267107
-13.759844
-15.571825
-14.182617
-15.954576
-13.795046
-15.719938
-14.283940
-16.047153
-14.068924
-15.319667
-13.867730
-15.289742
-14.328179
-15.631401
-14.525909
-16.177668
-14.653617
-15.488626
-14.639640
-15.552195
-13.904900
-15.371534
-14.510653
-15.624157
-13.847960
-15.570249
-14.634997
-15.995158
-14.618256
-15.518182
-14.077703
-15.877295
-13.997980
-16.014931
-14.361761
-15.519683
-14.391897
-15.902878
-13.862541
-15.929505
-14.023495
-15.873569
-13.912383
-16.069046
-14.047923
-16.122181
-13.835715
-15.304323
-13.918035
-15.918694
-14.439018
-15.993834
-13.882231
-16.180843
-13.976382
-15.902652
-14.162741
-16.105745
-14.197586
-16.053139
-14.314656
-15.818513
-13.727433
-15.431444
-13.994729
-15.372641
-14.341151
-15.712040
-13.815823
-15.415531
-14.555870
-16.239458
-14.647041
-16.241110
-14.072632
-15.537514
-14.022206
-15.985038
-14.031500
-15.842485
-14.319257
-15.907353
-14.134237
-15.331166
-14.064915
-16.189642
-14.617517
-15.786772
-14.326940
-15.556562
-13.874768
-16.234238
-14.002739
-16.093992
-14.188395
-15.507846
-14.704240
-15.615435
-14.587231
-16.235914
-14.245935
-15.720307
-14.407293
-15.575387
-14.087599
-15.581182
-13.778662
-15.306719
-14.587333
-16.263018
-13.889825
-15.730755
-13.738700
-15.879920
-13.845428
-15.425453
-14.094028
-15.402192
-14.205478
-15.682933
-14.662165
-15.702821
-14.632173
-15.669603
-13.962888
-15.442609
-14.256122
-15.894155
-14.072191
-15.768129
-14.442546
-15.456359
-13.891980
-15.485274
-14.388767
-15.837911
-13.984960
-15.939135
-14.102909
-16.284016
-14.093996
-15.365887
-14.452625
-15.792316
-14.586752
-15.889812
-14.306664
-16.013250
-13.757360
-15.743480
-14.219370
-15.644435
-14.674759
-16.268839
-13.744946
-15.290842
-13.832115
-15.636436
-14.469406
-16.256933
-14.541836
-15.532834
-14.045554
-15.494523
-14.597247
-15.396418
-14.372030
-15.468325
-14.177060
-16.271835
-13.842655
-16.208324
-13.772041
-15.406888
-13.826151
-15.744983
-14.363205
-15.663865
-14.376539
-15.659050
-13.949027
-16.237780
-14.648957
-15.815224
-13.995906
-16.195400
-14.202372
-15.960709
-13.801122
-15.663239
-14.584055
-15.442637
-14.238675
-15.803396
-13.817528
-16.036377
-14.070550
-15.534990
-14.532900
-15.992902
-13.989909
-15.814743
-14.144662
-15.614072
-14.695685
-16.020433
-14.238169
-15.674377
-14.122211
-15.539435
-14.492856
-16.153671
-14.402608
-15.730290
-14.591513
-15.911691
-14.464131
-16.221081
-14.054523
-16.001955
-14.665100
-15.477325
-14.038097
-15.827491
-14.182114
-15.547424
-14.495377
-15.685753
-13.942395
-16.280870
-14.691874
-15.562707
-14.471631
-16.212175
-14.171576
-15.723739
-13.789156
-16.187323
-13.905405
-15.434939
-13.934377
-16.209866
-14.236097
-15.775115
-13.864300
-16.159777
-13.801182
-16.159555
-14.058908
-16.246344
-14.138497
-15.514538
-13.723784
-16.202284
-14.269311
-16.164085
-14.172224
-16.080816
-13.822208
-16.034191
-14.464553
-15.690059
-14.469088
-15.985925
-13.773981
-16.205856
-13.754988
-16.287510
-13.974892
-15.555339
-14.679654
-15.895266
-14.646014
-15.707576
-14.384651
-15.602108
-14.488370
-15.562317
-14.694417
-15.932829
-14.333147
-15.828256
-14.411716
-16.014284
-14.158195
-16.078186
-13.841685
-16.137104
-14.502171
-15.403298
-14.139083
-16.183403
-13.850209
-16.032286
-13.846599
-15.460403
-14.656437
-15.715258
-13.957060
-15.902135
-13.851803
-15.400483
-14.506409
-15.628565
-13.934904
-15.342779
-14.589906
-16.148817
-13.824540
-15.432119
-14.698855
-15.298262
-13.733818
-15.870821
-14.295699
-16.253511
-14.305914
-16.288368
-13.744219
-16.268280
-14.501432
-16.200487
-14.689878
-15.978831
-14.083044
-15.632935
-13.856111
-15.584570
-14.497354
-15.728184
-13.780985
-15.387933
-14.188328
-15.346600
-14.145870
-16.059046
-13.778575
-16.186018
-14.161475
-15.430249
-14.128437
-15.473797
-14.547017
-16.021854
-14.066394
-16.284801
-14.284370
-15.381656
-13.901672
-15.852621
-13.895771
-16.142223
-13.723838
-15.590178
-14.045729
-15.577209
-14.636247
-15.606091
-14.662009
-15.675013
-13.930619
-16.023159
-14.185186
-16.135065
-14.685707
-15.581779
-14.451990
-15.703201
-14.604882
-15.508518
-13.866442
-16.272154
-14.689370
-16.133331
-14.058827
-15.527160
-14.320796
-15.651814
-14.507771
-16.040218
-14.327200
-16.222332
-13.898638
-15.402395
-13.771550
-15.601508
-14.549278
-15.588058
-14.304544
-16.037405
-14.082371
-15.800196
-14.667521
-15.356526
-13.791524
-15.816145
-14.571381
-15.345291
-14.516648
-15.420916
-14.211236
-15.373569
-14.448723
-15.446540
-14.235653
-15.564016
-14.601147
-16.168568
-14.368858
-15.891335
-14.474477
-15.726483
-14.298594
-15.963253
-14.372096
-15.550818
-13.959230
-15.791224
-14.438650
-15.608598
-14.274345
-15.439705
-14.089463
-15.591536
-14.686005
-16.066080
-13.742987
-15.653716
-14.416974
-15.304201
-14.553776
-15.819780
-14.332043
-15.368337
-14.401404
-15.892375
-14.702187
-15.998617
-14.492990
-15.697349
-14.625660
-15.786854
-14.108630
-15.857605
-14.610177
-15.762052
-14.569463
-16.124336
-13.745473
-16.119576
-14.022244
-16.270002
-13.896668
-15.963457
-14.411411
-16.016031
-13.976871
-15.853096
-13.796093
-16.058483
-14.425144
-16.017599
-13.955004
-15.343489
-14.187244
-15.294731
-14.027654
-15.381296
-14.385993
-15.761357
-14.558196
-16.281853
-14.132911
-16.067947
-14.398286
-15.782649
-14.499601
-16.265413
-14.494821
-15.602460
-14.624605
-15.338931
-14.014564
-16.023956
-14.617618
-15.645338
-14.115340
-16.158260
-14.614775
-15.624631
-13.905272
-16.283867
-13.760166
-15.306857
-13.710819
-15.384428
-14.359146
-15.435060
-13.996223
-16.221643
-13.796968
-16.237032
-14.346808
-15.607936
-14.174135
-15.422021
-14.192484
-15.931660
-13.807806
-15.655013
-14.700471
-15.301427
-14.315437
-15.880705
-13.748141
-15.372879
-14.521967
-15.904796
-14.557840
-16.277737
-14.297935
-16.258760
-13.958283
-15.890447
-13.981574
-15.732092
-14.137538
-16.189039
-14.322643
-16.212013
-13.724730
-16.063272
-13.747441
-15.562850
-14.033436
-15.484634
-14.092981
-16.269167
-14.486453
-16.264730
-14.257710
-15.597450
-14.582980
-15.295601
-14.408871
-15.423785
-14.645144
-15.827676
-14.007761
-16.145243
-13.783750
-15.819944
-13.925911
-15.375373
-13.801363
-15.327769
-14.189564
-15.901699
-14.264345
-16.125544
-14.257550
-16.254194
-14.589025
-15.742655
-14.025034
-16.085360
-14.070413
-16.132893
-14.547054
-15.856065
-14.701005
-15.854867
-14.661690
-16.110491
-14.506502
-16.046629
-14.338001
-16.114122
-13.935332
-15.971189
-14.297313
-16.216528
-14.514490
-15.811426
-14.410320
-15.857339
-14.403962
-15.449272
-14.021409
-15.439065
-14.348433
-15.739341
-14.339156
-16.060839
-14.262878
-15.682232
-14.641212
-15.375294
-13.800815
-15.664625
-14.406848
-15.769838
-13.786806
-15.323840
-14.331511
-15.783503
-13.801238
-15.813757
-13.928945
-15.862260
-14.459259
-16.199392
-13.995888
-15.703552
-6.314043
-7.455215
-6.442778
-7.979079
-5.996802
-7.485176
-6.618463
-7.455633
-6.344160
-8.007471
-6.696622
-7.912304
-5.966860
-7.703731
-6.239018
-8.206828
-6.328098
-7.721330
-6.439735
-7.447837
-6.555965
-8.212226
-5.754329
-8.041506
-6.489886
-7.818970
-6.471345
-7.789766
-6.395607
-7.848331
-6.453416
-7.635064
-6.269840
-7.999767
-6.609439
-7.593489
-5.933254
-7.787210
-6.026211
-8.233450
-6.430329
-8.149981
-6.336331
-7.787256
-5.985880
-7.813941
-6.243383
-7.668188
-6.358036
-7.670176
-6.668195
-7.580256
-6.622016
-7.736410
-5.748817
-7.611701
-6.574916
-7.528197
-6.254066
-8.090563
-6.503678
-8.126620
-5.906146
-7.707662
-6.015399
-7.679033
-6.194139
-7.732420
-6.179392
-7.911760
-5.991327
-7.554733
-5.837781
-7.924868
-5.951021
-7.779171
-6.472571
-7.649137
-6.253236
-8.090275
-6.287274
-7.399606
-6.581234
-7.744946
-6.153494
-8.136211
-5.732806
-8.158442
-6.326511
-8.109812
-6.651379
-8.179607
-6.347412
-7.950044
-5.738181
-7.316659
-6.362263
-7.954246
-6.400929
-8.151499
-5.908536
-8.146624
-6.531292
-7.659306
-5.941014
-7.582713
-6.210737
-8.163720
-6.143703
-7.606174
-6.706719
-7.354716
-6.191736
-7.459857
-6.560791
-7.594467
-6.451704
-7.558046
-6.598794
-8.288177
-6.539106
-7.579577
-6.185847
-7.755369
-6.409698
-7.658812
-5.837013
-7.632777
-5.875127
-8.068791
-6.256627
-7.352622
-5.956985
-8.138703
-6.680656
-7.542964
-5.850407
-7.416982
-6.418477
-7.813182
-6.086531
-7.391970
-6.038158
-7.399670
-6.670018
-7.796581
-6.684356
-8.082353
-6.612508
-7.644498
-6.200573
-7.960303
-5.862641
-7.534612
-6.102274
-7.556670
-6.372425
-7.559727
-6.526024
-7.771246
-5.980494
-7.570065
-6.269667
-7.753570
-6.426110
-7.622716
-6.138168
-8.125042
-6.512942
-7.729305
-6.560085
-8.251399
-5.787252
-7.790471
-6.323159
-7.956697
-6.682181
-7.415881
-5.731816
-8.281401
-6.120156
-8.231988
-6.039774
-7.706511
-6.569321
-7.615311
-6.274428
-7.509294
-6.230473
-7.822335
-6.414120
-7.304662
-5.858431
-7.495527
-6.442631
-8.195552
-6.233683
-8.268490
-6.337207
-8.273551
-5.963454
-7.483311
-6.308208
-7.746941
-5.845007
-7.539690
-5.900945
-7.802805
-6.117532
-7.797000
-6.627898
-7.570329
-5.972729
-7.582415
-6.366456
-7.663840
-6.297464
-8.015169
-6.692393
-7.591730
-5.884023
-8.243904
-6.528409
-7.991720
-5.897680
-7.653482
-6.333909
-7.834536
-6.615265
-8.063950
-5.825553
-7.759008
-6.427577
-8.176066
-6.088925
-8.104748
-6.451852
-8.205293
-5.947999
-8.073580
-6.538369
-7.818635
-6.503509
-7.626293
-6.622758
-7.547873
-5.970669
-8.018706
-6.633696
-7.965594
-6.515206
-8.142946
-5.971632
-7.394696
-6.097888
-8.212687
-5.747974
-7.955913
-6.237129
-7.817635
-5.825085
-7.755577
-6.225026
-7.641378
-6.521693
-8.028721
-6.229951
-7.451334
-6.072543
-7.568591
-5.866943
-8.254066
-6.365237
-7.313778
-6.344823
-7.909632
-6.049557
-7.413040
-5.992129
-7.580681
-6.214027
-7.998099
-6.333706
-8.092938
-5.848101
-8.024058
-5.995445
-7.777339
-6.040742
-7.410426
-5.775167
-8.002851
-6.537904
-7.546683
-6.022946
-7.491233
-6.289403
-8.128329
-6.491402
-7.476736
-6.435434
-7.501925
-6.331557
-8.238939
-5.923018
-8.205242
-6.522060
-7.970285
-6.176621
-8.037374
-6.196969
-7.883918
-6.570577
-7.556859
-5.786152
-7.848859
-6.087026
-8.099843
-6.182684
-8.238259
-6.540784
-8.251265
-6.204232
-7.570186
-6.291154
-8.027799
-6.688805
-7.421872
-6.476601
-7.768738
-6.564963
-7.931716
-6.521017
-7.517950
-5.922978
-8.256781
-5.752348
-7.973985
-6.282231
-7.784811
-6.704368
-7.508885
-6.276963
-8.099932
-6.462125
-7.463694
-6.038903
-8.126453
-5.979607
-7.710998
-5.953249
-7.813725
-6.028461
-8.109555
-5.884518
-7.331453
-6.259613
-7.429436
-6.323732
-7.737517
-5.950675
-8.260322
-6.149259
-7.996875
-6.583816
-7.478827
-6.228288
-7.690040
-6.632899
-8.014817
-6.246599
-7.553679
-5.739246
-7.490165
-6.065120
-7.296212
-5.981531
-7.452749
-6.495946
-7.707031
-6.710134
-8.064204
-6.031048
-7.642548
-6.106477
-7.628741
-6.556273
-7.306664
-5.718173
-7.805874
-6.577149
-8.246465
-6.211257
-8.136846
-6.701475
-8.234343
-6.582372
-7.797408
-6.605429
-7.724744
-14.649959
-15.512359
-14.088543
-15.949127
-14.168489
-16.037386
-14.409725
-15.751696
-14.535703
-15.775563
-14.285054
-16.096163
-13.861090
-15.928223
-13.886165
-15.625802
-14.559088
-16.189732
-14.509822
-15.901723
-14.446498
-15.871327
-13.775598
-15.924582
-14.064201
-15.995854
-14.262689
-15.664059
-14.538227
-16.037674
-13.797885
-15.407891
-14.354276
-15.451981
-14.289118
-15.989787
-13.845450
-16.039217
-14.036775
-15.379725
-14.216582
-15.897608
-14.020234
-16.050426
-14.706585
-15.430229
-14.304216
-15.308820
-13.988379
-15.969967
-14.667141
-15.460491
-14.373505
-15.581017
-14.016143
-15.958632
-13.888957
-16.159374
-13.970545
-15.915030
-13.850539
-15.628976
-13.736016
-16.260624
-14.251233
-15.449271
-13.742981
-15.878344
-13.962107
-15.974142
-13.972738
-15.658352
-14.341653
-16.218264
-14.580163
-15.436704
-14.031190
-16.032833
-14.556112
-15.938980
-14.076685
-16.173098
-13.850652
-15.383529
-14.063437
-16.238384
-13.843083
-15.345248
-14.267100
-15.944310
-14.249443
-15.725342
-13.999331
-15.495216
-14.604271
-15.810165
-14.375086
-15.947999
-14.587341
-15.485872
-14.241837
-16.134333
-14.173632
-15.717033
-14.595730
-15.735372
-14.594995
-15.573184
-13.771526
-15.597145
-14.055234
-15.504130
-13.943211
-16.103434
-14.336295
-15.628708
-13.866200
-16.110430
-13.795257
-15.927940
-14.041445
-15.683537
-14.676663
-15.678142
-13.877759
-16.271364
-14.235234
-15.810690
-13.780263
-16.156374
-14.056067
-16.142067
-14.100759
-15.409475
-14.632599
-15.734380
-14.553366
-15.757860
-14.227276
-16.125597
-14.263926
-15.485404
-13.725095
-16.124983
-13.762855
-16.069294
-14.619075
-16.188564
-14.016497
-16.063227
-14.488092
-15.770516
-13.768161
-15.718865
-14.517015
-15.547848
-13.794063
-15.727478
-13.881983
-15.471892
-14.686454
-15.911135
-14.305184
-15.472739
-14.250376
-15.418153
-13.886209
-16.227304
-14.269684
-16.097181
-14.343271
-16.015018
-14.230919
-16.103868
-14.147593
-16.205116
-14.669584
-15.586953
-13.768587
-15.743827
-14.148294
-16.204809
-13.903287
-16.136250
-13.930923
-15.407046
-14.431097
-15.858905
-13.717198
-16.222294
-14.091171
-16.146217
-14.096297
-16.182901
-14.345498
-15.331225
-14.641345
-15.975673
-14.520787
-16.164978
-13.897989
-16.173281
-14.546726
-15.438479
-14.547595
-15.576095
-14.640820
-15.846898
-14.008118
-16.049379
-14.509164
-15.294785
-14.469276
-16.142517
-13.935017
-15.889151
-14.432157
-15.609469
-14.647253
-15.690186
-14.261359
-16.280991
-14.541227
-16.086674
-14.710324
-15.350338
-14.069295
-15.817372
-14.468220
-15.976012
-13.820021
-15.683619
-14.480231
-15.678437
-13.893674
-15.769710
-14.187539
-15.504589
-13.731226
-15.725490
-14.279953
-16.108414
-14.273588
-15.335196
-14.438313
-15.592421
-13.729010
-15.957888
-14.121766
-15.784102
-14.557585
-15.617850
-14.157149
-15.921268
-14.266339
-15.777302
-14.275223
-15.342916
-14.364141
-15.737995
-14.541960
-15.508164
-14.159093
-15.927588
-14.655015
-15.743677
-13.818139
-15.405102
-14.036605
-15.311041
-14.525765
-15.296614
-14.526695
-15.797175
-13.870281
-16.140667
-14.418223
-16.130587
-14.667520
-15.305553
-14.322500
-15.982512
-13.963395
-15.563305
-14.266621
-15.750321
-14.515325
-16.040752
-14.239102
-15.380234
-13.925735
-15.969002
-13.722367
-15.368653
-14.710400
-16.159798
-14.276074
-15.620917
-14.082561
-15.686847
-14.611205
-15.588944
-14.036740
-15.615928
-14.020261
-15.832603
-14.069697
-15.737332
-14.453831
-15.629329
-14.332829
-15.644507
-14.484075
-15.295751
-14.002284
-15.363193
-13.972403
-16.187397
-14.134471
-15.732363
-14.352122
-15.548105
-13.919209
-15.661262
-13.944060
-15.984646
-14.632356
-15.333170
-14.447216
-16.130442
-14.164155
-15.510366
-13.998408
-15.593077
-14.053723
-15.734989
-14.443042
-16.275042
-14.121169
-16.182667
-13.779532
-15.789496
-14.349104
-15.975694
-14.304225
-15.693197
-14.152407
-16.052315
-14.453963
-15.731071
-14.523467
-15.360909
-14.301791
-15.776136
-14.124893
-15.935568
-14.678752
-15.763690
-14.400369
-16.271553
-14.398157
-15.620350
-13.720950
-16.148756
-13.870691
-16.129978
-13.898523
-15.808044
-14.679477
-16.070654
-14.095621
-16.156174
-14.283922
-16.249605
-14.211884
-15.836261
-14.038546
-15.607982
-14.681911
-15.381787
-14.189200
-15.394139
-14.555289
-15.735417
-14.339003
-15.486514
-14.364928
-15.656373
-14.115187
-15.780519
-13.979775
-15.384490
-14.626027
-16.225195
-14.301847
-15.307919
-14.671384
-16.026150
-14.456879
-15.908816
-14.120274
-15.677881
-14.590654
-15.581430
-13.792871
-15.480290
-14.531364
-16.238344
-14.409890
-15.912706
-14.623157
-15.650161
-14.475320
-15.968590
-13.990513
-16.175457
-13.825375
-16.043365
-13.740231
-15.569246
-14.539382
-15.753124
-14.466954
-15.675514
-14.007644
-16.035957
-14.361484
-15.372717
-13.915066
-16.216379
-13.771351
-15.463743
-13.797812
-15.460131
-14.684543
-15.518520
-14.631552
-15.742048
-13.815750
-15.422728
-14.558420
-15.901571
-14.697441
-16.204084
-14.168232
-15.965464
-14.364938
-15.983685
-14.488953
-16.148169
-14.025830
-15.844798
-14.490972
-16.203264
-14.557045
-15.577494
-14.637314
-15.482746
-14.305989
-15.394639
-14.659932
-15.861181
-14.341946
-15.634996
-13.841318
-15.451773
-14.002492
-15.971907
-14.436052
-16.247564
-14.353800
-15.555940
-13.856758
-15.773246
-14.278154
-16.084345
-14.080625
-15.410333
-14.343030
-15.700848
-14.381131
-15.498874
-14.001827
-15.324465
-14.198589
-15.878355
-13.949722
-15.990879
-14.025619
-15.416606
-14.484648
-15.689236
-13.999115
-15.435222
-14.697534
-15.973871
-13.841326
-15.909666
-14.496162
-15.728410
-14.358796
-15.694517
-14.593697
-15.562377
-14.002159
-15.370464
-14.032572
-15.499457
-13.711905
-15.821209
-14.623384
-15.935480
-13.820461
-15.755239
-14.631913
-15.458754
-14.643051
-15.746607
-14.391304
-15.303440
-13.840604
-15.327647
-14.286241
-15.352239
-14.314421
-15.854959
-14.521165
-15.849892
-14.188223
-16.105627
-14.641418
-16.258223
-14.270288
-15.968595
-13.866450
-15.502433
-14.498575
-16.027607
-14.209823
-16.230337
-14.105931
-15.909425
-14.428374
-15.416100
-13.917085
-15.884110
-14.638745
-15.290350
-14.699800
-16.018003
-14.083616
-15.720682
-13.903154
-15.814385
-14.680772
-16.084597
-14.682658
-15.861176
-14.305974
-16.175007
-14.351640
-16.228939
-13.754087
-15.346795
-14.330870
-15.467516
-14.437872
-15.444057
-14.489124
-15.901380
-13.855803
-15.403977
-14.532634
-16.096870
-14.095066
-15.509043
-13.883634
-15.884467
-13.809906
-15.538986
-14.148699
-16.002640
-13.747338
-15.374974
-14.257775
-15.853737
-13.814968
-16.099417
-14.075504
-15.633586
-14.020803
-16.064653
-14.433248
-15.989535
-13.733021
-15.831307
-14.087661
-15.915668
-13.833281
-15.518839
-14.119635
-15.652012
-14.182926
-15.729581
-14.500352
-15.876379
-14.058434
-15.872970
-14.442791
-16.182211
-13.943663
-15.504910
-14.400103
-15.313700
-14.263858
-15.771817
-13.757751
-15.765471
-13.727894
-15.646485
-14.410856
-16.196779
-14.016534
-15.408347
-14.484889
-16.082514
-14.156713
-15.907252
-14.560639
-16.237577
-14.606127
-15.655367
-13.985860
-15.751930
-14.468528
-15.389377
-14.473917
-15.796051
-14.208540
-15.397153
-14.347593
-15.569357
-14.619728
-15.508500
-14.250197
-15.452242
-14.308109
-15.667578
-14.081083
-15.455100
-14.370562
-15.876373
-13.983269
-15.782306
-14.429460
-15.332613
-14.211762
-15.728738
-13.931216
-15.459235
-14.535953
-15.485115
-14.571722
-15.585408
-14.124839
-15.649795
-14.437622
-15.787256
-13.751228
-16.060076
-14.301658
-15.405119
-13.847297
-15.792289
-13.923732
-15.407304
-13.715638
-15.751123
-14.597750
-15.387543
-13.929678
-15.665367
-14.116141
-16.235567
-14.574821
-15.495437
-14.240971
-15.837276
-14.587049
-15.314157
-14.433725
-15.417843
-14.166518
-15.884101
-14.058136
-15.934235
-13.861618
-15.802490
-14.604860
-15.292507
-13.886339
-15.503537
-14.241137
-15.662954
-14.523015
-15.786345
-14.251211
-15.553481
-13.925792
-15.629375
-14.261863
-15.419118
-13.715847
-15.548618
-13.812304
-15.947767
-14.181706
-16.273329
-14.344755
-15.698405
-14.466032
-16.271887
-14.241574
-15.582350
-13.815588
-15.598671
-14.327971
-15.648310
-13.792034
-15.811902
-14.590690
-15.750358
-13.763611
-15.642615
-14.512608
-15.423512
-14.378407
-16.143261
-14.073405
-16.234726
-14.489971
-15.413820
-14.403822
-15.309135
-13.811694
-16.247572
-14.433344
-15.622158
-14.574254
-15.752697
-14.158432
-15.512879
-14.424246
-15.604198
-13.934386
-15.834020
-14.224956
-15.689675
-13.862608
-16.272011
-14.672485
-15.524064
-14.070148
-15.750161
-13.963633
-16.178640
-14.231705
-16.106281
-13.900296
-15.600977
-14.102039
-15.706417
-14.235475
-15.403150
-13.947541
-16.219761
-13.747379
-16.173233
-14.442684
-15.909307
-13.978890
-15.975758
-14.332105
-15.313922
-14.345154
-15.514462
-13.902533
-16.221565
-14.169608
-15.683467
-13.852512
-16.184553
-14.199690
-15.864798
-13.833819
-15.496067
-14.414689
-15.470682
-14.106501
-15.426572
-14.252139
-15.346225
-13.714549
-15.740057
-13.745142
-15.448684
-13.879389
-15.644924
-14.543662
-16.168829
-13.836462
-15.637569
-14.689359
-15.445322
-14.445492
-15.694891
-14.365564
-15.299680
-14.161542
-15.411648
-14.015896
-15.951715
-14.046207
-15.421741
-14.658998
-15.414728
-13.808105
-16.193989
-13.713185
-15.740700
-14.063842
-15.303684
-14.029343
-15.956898
-14.195737
-15.544945
-13.781514
-15.554295
-14.645936
-15.864967
-14.119243
-16.247770
-13.884631
-15.872188
-14.633707
-16.203871
-14.601115
-15.574333
-14.663555
-16.268719
-14.452413
-15.518302
-13.862961
-15.509026
-14.601270
-16.261208
-14.206326
-16.095236
-14.503374
-16.136150
-14.132949
-16.282007
-14.400212
-15.811898
-13.940207
-15.370437
-14.446918
-16.073923
-14.513973
-16.266153
-14.509581
-16.283133
-14.588978
-16.254242
-13.898430
-15.676810
-14.283051
-16.212820
-14.367795
-16.194407
-14.657971
-16.147999
-14.006220
-15.862145
-14.357510
-16.082811
-14.208298
-16.030375
-14.296950
-15.337005
-14.227645
-15.674137
-14.525270
-15.641335
-14.464312
-15.648443
-13.953223
-15.674550
-14.571002
-15.927012
-14.217632
-16.242979
-13.928406
-15.670582
-14.110604
-15.868114
-14.574039
-15.296321
-13.981845
-15.439750
-14.326035
-16.015816
-14.437272
-15.686077
-13.779699
-15.384163
-14.175550
-15.870638
-14.453131
-15.776690
-14.101444
-15.349360
-13.739693
-16.222168
-14.135975
-15.615071
-14.302747
-16.188644
-13.873891
-16.195669
-14.040447
-16.098299
-13.759610
-15.767331
-14.062794
-16.223852
-13.741463
-16.287098
-13.771533
-15.650070
-13.723820
-15.816895
-14.448666
-16.213963
-14.432897
-15.423525
-14.542102
-16.136719
-14.043397
-15.961830
-14.000710
-15.717806
-14.311534
-15.670704
-14.066806
-15.437951
-14.138552
-16.264568
-13.813021
-15.357153
-14.440801
-16.166639
-13.855138
-15.731992
-13.760046
-15.452103
-14.432142
-15.950304
-13.727449
-16.274120
-14.494418
-16.032257
-14.519554
-15.667565
-14.327995
-16.025869
-14.358033
-16.199076
-14.048504
-15.559083
-14.177527
-16.016684
-13.733732
-15.800723
-14.140631
-15.702814
-14.339553
-15.715397
-14.584536
-15.639059
-13.960318
-16.128706
-14.410075
-15.978899
-13.811487
-15.714507
-14.101806
-16.046061
-14.250813
-15.744096
-14.474266
-15.473871
-13.734619
-16.120304
-14.124868
-15.679064
-13.976930
-15.850914
-14.688189
-15.292961
-13.920432
-15.936068
-14.291295
-15.305152
-14.381551
-15.380930
-14.048795
-16.117012
-14.596706
-15.549947
-14.549315
-16.254139
-14.589417
-15.360627
-14.487502
-16.224659
-14.213694
-15.877548
-14.695492
-15.494473
-13.784585
-15.380237
-14.282841
-16.064171
-14.287202
-16.048500
-14.395766
-15.810140
-13.960327
-15.710167
-14.376992
-15.303140
-14.648189
-15.543051
-13.916026
-15.868100
-14.465565
-15.981369
-14.298223
-16.075331
-14.212296
-15.869320
-13.979104
-16.040621
-14.402864
-15.834637
-14.238251
-15.817919
-13.871102
-15.677498
-13.951131
-15.935117
-14.346572
-15.612477
-14.514663
-15.677598
-14.364275
-15.782396
-13.779016
-15.730187
-14.126444
-15.409113
-14.255239
-15.698511
-14.140637
-15.360847
-14.474244
-15.955840
-13.765086
-15.912989
-13.808763
-15.454083
-14.690142
-15.963794
-14.612135
-16.098413
-13.811443
-15.550650
-14.287194
-15.640400
-14.177807
-15.966976
-13.849848
-15.920244
-14.043772
-15.342058
-13.976457
-15.472950
-14.585258
-15.583133
-14.683362
-15.383349
-13.741709
-16.008863
-13.735797
-15.904112
-14.203148
-16.013033
-14.346542
-16.115305
-14.319147
-15.690226
-13.806143
-15.409580
-14.152555
-16.036173
-14.226896
-15.778100
-13.906157
-15.444885
-13.988864
-16.002935
-13.772722
-15.692384
-14.501881
-15.956956
-13.817690
-15.564009
-14.362993
-15.462610
-14.518938
-15.798844
-14.470942
-16.161816
-13.916545
-15.466430
-14.508336
-15.544798
-14.037970
-15.847699
-14.597507
-15.808256
-14.004474
-15.486406
-13.898490
-15.330393
-14.000437
-15.610641
-14.258818
-15.295854
-13.931795
-15.528150
-13.784286
-16.168566
-13.862766
-15.809484
-14.373558
-15.322848
-14.542642
-16.192875
-14.310908
-15.305938
-14.205142
-16.230101
-14.241672
-16.086700
-13.840875
-16.060974
-14.240435
-15.894794
-13.798444
-16.010851
-13.874655
-15.997411
-14.695591
-15.305805
-14.266191
-15.765223
-14.080957
-15.382669
-14.073915
-15.943473
-14.636857
-15.987328
-13.786627
-15.427869
-14.139036
-16.204451
-14.325057
-15.878365
-13.944783
-15.474526
-14.348549
-16.129684
-13.787710
-16.199512
-14.534361
-16.223791
-14.700071
-15.495886
-14.645879
-15.519145
-13.915112
-16.245983
-14.478093
-15.708197
-13.861154
-16.081228
-13.975109
-16.086586
-14.275904
-16.071821
-13.981722
-15.428860
-14.059370
-15.615868
-14.401138
-15.937541
-14.411245
-16.003799
-13.860508
-15.759593
-14.447355
-15.378741
-14.604371
-15.632660
-14.304064
-16.137917
-14.552731
-15.414955
-14.044160
-15.764727
-13.718473
-16.208927
-14.438428
-15.466434
-14.477358
-15.467975
-14.619486
-15.794554
-13.864681
-15.551509
-14.684332
-15.901907
-13.808840
-15.296541
-13.900323
-15.745675
-14.316172
-16.195892
-13.719964
-15.500913
-14.440991
-15.569412
-14.368241
-15.731711
-14.343817
-15.849044
-14.525284
-15.712588
-14.620450
-15.634500
-14.623034
-15.586946
-13.887413
-16.141182
-13.997802
-16.252077
-14.163619
-15.946647
-13.738091
-16.212160
-14.514215
-15.557434
-14.364790
-15.820999
-13.831788
-15.953390
-14.388310
-15.841404
-13.875812
-15.330479
-14.177317
-15.759783
-13.956681
-15.320174
-13.937425
-16.224058
-14.146173
-15.938517
-14.604152
-15.943581
-13.767652
-15.338139
-13.989944
-15.879064
-13.714765
-16.186747
-14.344735
-15.680395
-14.205595
-15.443567
-14.085540
-16.042036
-14.001755
-16.190054
-14.292706
-15.489224
-14.583243
-15.663696
-14.559542
-15.886322
-14.304939
-15.613766
-14.572234
-15.398468
-13.847368
-15.368227
-14.062297
-15.611999
-13.943454
-16.117336
-14.488324
-15.743894
-13.986561
-16.092133
-14.502987
-16.267786
-14.604159
-15.904978
-13.728352
-15.401601
-14.698117
-15.956006
-13.732728
-16.271845
-13.922694
-15.359717
-14.548379
-15.929962
-14.063838
-15.528419
-14.553186
-15.822129
-14.230396
-15.781116
-14.583190
-15.981845
-14.505181
-15.489100
-14.058492
-15.361467
-14.702763
-15.839581
-14.377433
-16.233459
-14.344276
-15.455473
-14.110722
-15.502185
-14.557346
-15.747242
-14.018655
-15.869221
-14.219575
-16.209122
-14.671903
-15.706631
-13.844411
-16.073185
-13.868393
-16.110491
-14.621159
-15.557508
-14.396203
-15.520374
-13.895630
-15.541463
-14.549340
-15.885497
-14.321642
-15.494360
-14.217845
-15.815586
-14.299839
-15.731476
-13.748051
-15.828279
-13.960568
-15.548466
-13.998116
-15.757698
-13.889093
-16.255407
-14.262482
-15.654727
-13.788161
-16.025045
-13.902714
-15.515639
-14.282039
-15.818162
-14.641720
-15.846676
-14.584864
-15.406438
-14.016618
-15.924104
-14.015934
-15.791523
-13.873055
-15.309917
-14.147973
-16.114599
-13.728230
-15.700618
-14.429991
-15.487736
-13.717857
-16.121376
-14.282189
-15.333078
-14.244587
-15.651896
-13.989330
-15.986315
-14.442306
-15.970977
-14.183831
-16.088343
-14.268451
-15.369708
-13.860378
-16.217529
-13.744492
-15.328335
-14.419355
-15.772866
-14.471232
-15.371840
-14.420818
-15.770325
-14.207026
-15.900780
-14.379515
-15.750296
-14.330721
-15.793784
-14.530085
-16.216713
-13.902855
-15.748635
-13.759096
-15.433530
-14.498900
-16.138268
-13.716164
-16.230219
-14.202531
-15.761423
-14.672759
-15.677388
-14.184360
-15.641957
-14.035123
-15.436398
-13.956353
-15.707565
-14.259171
-15.393155
-14.499104
-16.125168
-13.992653
-15.585834
-14.039023
-16.224606
-14.411613
-16.162642
-13.925804
-15.757793
-14.215905
-15.346283
-13.931862
-15.335085
-13.747581
-15.396482
-13.812300
-15.909329
-14.429674
-15.447514
-14.395058
-15.627859
-14.126752
-15.850019
-14.147736
-15.460861
-14.354641
-15.983275
-14.413630
-15.924913
-14.599236
-15.855272
-14.395682
-15.663867
-13.812403
-15.741432
-14.336139
-15.461509
-13.712428
-15.962825
-14.471978
-15.671182
-13.783467
-15.560499
-14.525455
-15.805684
-14.359445
-15.983604
-13.978196
-16.027861
-14.311490
-15.445437
-14.691221
-15.557897
-13.771111
-15.711191
-14.497045
-15.517086
-14.589467
-15.924985
-14.115635
-15.686990
-13.944263
-15.677585
-13.870703
-16.160437
-14.027375
-16.277199
-14.065456
-15.569625
-13.908452
-15.527035
-14.215826
-16.133385
-14.674343
-15.367592
-14.341677
-15.712437
-14.277813
-15.655777
-14.648103
-15.778085
-13.974724
-15.841453
-14.443014
-15.324125
-14.244531
-16.204340
-14.447918
-15.713027
-13.948731
-15.359617
-14.687839
-16.023726
-14.014711
-15.561543
-14.048352
-15.785670
-13.947549
-15.510633
-14.590837
-16.189407
-14.238556
-15.743102
-14.284107
-16.256113
-14.089386
-15.970624
-14.240421
-16.190252
-14.226488
-15.365324
-14.644061
-15.745294
-14.330754
-15.429550
-14.643323
-16.204338
-14.565340
-16.015730
-13.956205
-15.529664
-14.440210
-16.270191
-14.047275
-15.383141
-13.764876
-15.995981
-14.452097
-15.447926
-14.549838
-16.151821
-14.049069
-15.522417
-13.856235
-15.911235
-14.362626
-15.305408
-14.493824
-15.930844
-14.588680
-16.262239
-14.615088
-16.209871
-14.552131
-15.297414
-14.087909
-15.742507
-14.358031
-16.198767
-14.355708
-15.474083
-14.103537
-15.968548
-13.907727
-15.585836
-13.766015
-15.297340
-14.658933
-15.895666
-13.717645
-15.760410
-14.194952
-15.389910
-14.320477
-16.214626
-14.251314
-15.841897
-14.020837
-15.399589
-14.262474
-15.872348
-14.386138
-15.856971
-14.229537
-15.703511
-14.498353
-16.200113
-14.519475
-15.693666
-13.731336
-15.963516
-14.149638
-15.784878
-14.168495
-15.546416
-13.722528
-15.906837
-14.141090
-15.601114
-14.069080
-15.765187
-14.321184
-15.708117
-14.107960
-16.127989
-13.862712
-16.269323
-14.449555
-15.630203
-13.791304
-15.496397
-14.148022
-16.069876
-13.719677
-16.107117
-14.528252
-15.803568
-14.390241
-16.137472
-14.466105
-15.784874
-13.909603
-15.788544
-14.661036
-15.424586
-14.148004
-15.413548
-13.876853
-16.032515
-14.707049
-15.832665
-14.564571
-15.532113
-14.700555
-15.900390
-14.487683
-15.942852
-14.292099
-16.203823
-14.702780
-15.852851
-14.102028
-15.594186
-14.302461
-16.022789
-14.318967
-15.692188
-14.044325
-16.285727
-14.446524
-15.358915
-14.424018
-15.778870
-14.585800
-16.116629
-14.163737
-15.586740
-13.788517
-15.692024
-14.360263
-15.547865
-14.122906
-16.010145
-14.016992
-15.359487
-14.034625
-15.845098
-14.572805
-15.622138
-14.159296
-15.894562
-14.260884
-16.036177
-14.214866
-15.587756
-13.995651
-15.701735
-13.928311
-15.733165
-14.560388
-15.856194
-14.363689
-15.501034
-13.877896
-15.542478
-14.414576
-15.807603
-14.470979
-16.172237
-14.124617
-15.708349
-14.448253
-15.686203
-14.674600
-15.769243
-14.064655
-16.277378
-13.879365
-15.812217
-14.454221
-16.241831
-14.344370
-15.991633
-14.445848
-15.948570
-14.476503
-16.138111
-14.619640
-15.748696
-13.796317
-15.976605
-14.696013
-15.736694
-14.585033
-15.780017
-14.456242
-15.355428
-14.623918
-16.063339
-14.063570
-16.087608
-14.221465
-15.912206
-14.602671
-15.582723
-13.731480
-15.707337
-14.365950
-15.450249
-14.545579
-15.437614
-13.804750
-16.249809
-14.692741
-15.945812
-13.877694
-15.743761
-13.811778
-15.387641
-13.869507
-16.260813
-14.082330
-15.475856
-13.964819
-15.846639
-14.709007
-15.959596
-14.629933
-15.389804
-14.075191
-15.526363
-13.921675
-15.499421
-14.478729
-15.595279
-14.410064
-15.396599
-14.376880
-15.388049
-14.351196
-15.299473
-14.071578
-16.021339
-14.021111
-15.471563
-14.299397
-15.496564
-13.820689
-15.401900
-14.435684
-16.095030
-14.405908
-15.785518
-13.916722
-15.571863
-13.960891
-15.775500
-14.683042
-16.181358
-13.760620
-16.247831
-14.203485
-15.728464
-14.293016
-15.770969
-14.680182
-16.021824
-13.910267
-15.316254
-14.533545
-15.542285
-14.312090
-15.974282
-14.667262
-16.146660
-14.361198
-15.935277
-14.691524
-16.036236
-14.346744
-16.160618
-14.225842
-15.560391
-14.542421
-15.410476
-14.317399
-16.017780
-13.823183
-16.071997
-14.700339
-15.365705
-14.165787
-16.073601
-14.517361
-16.289227
-14.469679
-15.338406
-14.184923
-16.279009
-14.328079
-16.250689
-14.194883
-15.722343
-13.813168
-15.955890
-14.565636
-16.022423
-14.175214
-16.036110
-13.758496
-16.004055
-14.327819
-15.371074
-13.793894
-15.687464
-13.892204
-16.214828
-13.759258
-15.552532
-14.284150
-15.533311
-14.382653
-16.028585
-14.204393
-15.697818
-13.942669
-15.638441
-14.596971
-16.230606
-14.212234
-15.960214
-14.408861
-15.638905
-14.664850
-16.187923
-14.252495
-16.246164
-13.829606
-15.640391
-13.892081
-15.444266
-14.592720
-15.552614
-14.644860
-16.027931
-14.253929
-15.408912
-13.715824
-16.278288
-13.791889
-15.777052
-13.740082
-16.126909
-13.850601
-16.051065
-14.658147
-16.024809
-14.130675
-15.887934
-13.913282
-16.080008
-14.456646
-16.277378
-14.089372
-16.000521
-14.574513
-15.373022
-14.353426
-15.331661
-13.819868
-15.394086
-14.430694
-16.176260
-14.548956
-15.784281
-14.532695
-16.076828
-13.905844
-15.609188
-14.462509
-15.323853
-13.939919
-15.798996
-13.749443
-15.944749
-14.066019
-15.494704
-14.310368
-15.505459
-14.287793
-15.768940
-14.706665
-16.257206
-13.752610
-16.055101
-14.028740
-15.699520
-14.628466
-15.709382
-14.181809
-15.394598
-14.545604
-16.191917
-14.112903
-16.162672
-14.539753
-15.668561
-14.330017
-15.306303
-14.344798
-15.745125
-14.292994
-15.789576
-14.495796
-15.746746
-14.705727
-15.372811
-14.583282
-15.554679
-13.814743
-15.544258
-14.201601
-16.048290
-14.691223
-16.061623
-14.268636
-15.856936
-13.804028
-15.930468
-14.698107
-15.424807
-14.371195
-16.102541
-13.914985
-16.098040
-13.927208
-15.531601
-14.407754
-16.107803
-14.487123
-15.582376
-14.528809
-15.764766
-14.638461
-16.080038
-13.925084
-16.187778
-13.855100
-15.698133
-14.500177
-15.947189
-13.991109
-16.003571
-14.611320
-15.945217
-13.833437
-15.301579
-14.519542
-16.142458
-14.314216
-15.941949
-14.279977
-15.982956
-13.972686
-15.352538
-14.029901
-15.347626
-14.331156
-15.867249
-14.015209
-15.488296
-13.892696
-15.658268
-14.408856
-16.017620
-14.575859
-15.409750
-14.641933
-15.438290
-14.626432
-15.534861
-14.643193
-16.124720
-13.786321
-15.364201
-14.357073
-16.097551
-14.195007
-16.109385
-14.109183
-15.774314
-14.639210
-15.988256
-14.129407
-15.343142
-13.770011
-15.859550
-14.313125
-15.834931
-14.528876
-15.348352
-14.604265
-15.583096
-13.754362
-15.850514
-14.372123
-15.995965
-14.361530
-15.739855
-13.963404
-15.694155
-14.513635
-15.593997
-14.090612
-15.373582
-14.180697
-15.952815
-13.720476
-16.031612
-13.781030
-15.785760
-14.059593
-15.611863
-14.318583
-15.359438
-13.987350
-15.462780
-14.159935
-15.775122
-14.038343
-15.317413
-14.423275
-15.451381
-14.358777
-16.065966
-13.917758
-15.740335
-14.186089
-15.845852
-14.256553
-16.234037
-13.811521
-16.192265
-14.306232
-15.669380
-14.668727
-16.010994
-13.809659
-15.683128
-14.498004
-15.755619
-14.153457
-15.840490
-14.400790
-15.291595
-14.444270
-15.348623
-13.775086
-15.674623
-14.060912
-15.873272
-13.883433
-16.269016
-13.899277
-15.308907
-14.253877
-16.260420
-14.113118
-16.194256
-14.339890
-15.618629
-14.564118
-15.487327
-14.060779
-15.867902
-14.058589
-15.298706
-14.178077
-16.082493
-14.072505
-15.922011
-14.008562
-16.181091
-13.835979
-16.082966
-14.413834
-15.407405
-14.221485
-15.764535
-14.609318
-15.851332
-13.926249
-16.057306
-14.270397
-15.629056
-14.083836
-16.116661
-14.286136
-15.661454
-14.225736
-15.745359
-13.998652
-16.064899
-14.600133
-15.949779
-14.014509
-15.324734
-14.503784
-15.492459
-14.074477
-15.564461
-14.225219
-15.698087
-14.531509
-16.080847
-14.656599
-15.844193
-14.531608
-15.322765
-14.291164
-15.788568
-14.626291
-15.693809
-14.047980
-15.351634
-13.860420
-15.728147
-14.149853
-16.044371
-14.338412
-15.885985
-14.504061
-16.097639
-14.191908
-15.614786
-14.245585
-16.236122
-14.069294
-15.449328
-14.668837
-15.687108
-14.269694
-16.062271
-14.394125
-15.548286
-13.784497
-16.174925
-13.717087
-15.771604
-14.245605
-15.839443
-14.342381
-15.810443
-14.558135
-15.976326
-14.613372
-16.203604
-14.631326
-15.749990
-13.925156
-16.205364
-14.285184
-15.445589
-14.205489
-15.358642
-14.156219
-15.389661
-13.826288
-15.357654
-14.012513
-16.058771
-14.550051
-15.956328
-14.080889
-15.654204
-14.557232
-16.163076
-13.792496
-15.292064
-14.378494
-15.896457
-14.401428
-15.480692
-14.038858
-16.059517
-13.724962
-16.124634
-13.933302
-15.903767
-14.339919
-15.467613
-13.970178
-16.186945
-13.791991
-16.208036
-14.682352
-16.152576
-13.943247
-15.758874
-14.024251
-15.480855
-14.489318
-15.471603
-14.239090
-15.884188
-14.485978
-15.923537
-14.535129
-15.666205
-14.142128
-15.944982
-14.531371
-15.355637
-14.283463
-15.904100
-14.485539
-15.504304
-14.543082
-15.844853
-13.903913
-15.808559
-14.633480
-15.293424
-14.395216
-15.943105
-14.386508
-15.809200
-14.538282
-15.839874
-13.831985
-15.576837
-14.681567
-15.739758
-14.609685
-15.454199
-13.866290
-15.350866
-14.547492
-16.115757
-14.156557
-15.927429
-14.499586
-15.908321
-14.454104
-15.306991
-14.044807
-16.050991
-14.517605
-15.398401
-13.927998
-16.088266
-14.667995
-15.741436
-14.636060
-15.605573
-14.468692
-15.783059
-13.822268
-15.453523
-13.992213
-16.009840
-14.196978
-16.210772
-14.404216
-16.289249
-14.014410
-15.573878
-14.369285
-15.345270
-13.725143
-16.245338
-14.036482
-15.609490
-14.272417
-15.582501
-14.376163
-15.749027
-14.205808
-15.735101
-14.121609
-15.389613
-13.954504
-16.265800
-13.831442
-15.776510
-14.114551
-16.197798
-14.602885
-15.457161
-14.422938
-15.587309
-14.184639
-15.819619
-13.848772
-15.447847
-14.131708
-15.553776
-14.353589
-15.857378
-13.983285
-16.188995
-14.208375
-15.696245
-13.746719
-16.133940
-13.745706
-15.416136
-14.610222
-15.768169
-14.343113
-15.876752
-14.606114
-16.008410
-13.802742
-15.592112
-14.052313
-15.331239
-13.720536
-15.519325
-13.733528
-16.084290
-13.927151
-15.856956
-14.288819
-15.443744
-14.393779
-15.554131
-14.303660
-15.406974
-13.980966
-15.339806
-14.332829
-15.741343
-14.251167
-15.967999
-14.466571
-15.911307
-14.105351
-15.378470
-13.946026
-15.473479
-14.695347
-15.787076
-14.142787
-15.552787
-13.745771
-15.604408
-14.116275
-15.579342
-14.159058
-15.799516
-14.152266
-15.466727
-14.031723
-16.099165
-14.220049
-15.764932
-14.152891
-15.361781
-14.298694
-15.866809
-14.359797
-15.570442
-14.369605
-15.290893
-14.249762
-15.601669
-14.353868
-16.107021
-14.466231
-15.810717
-14.331469
-16.049053
-14.680293
-16.227417
-13.878039
-15.470828
-14.118078
-16.161287
-13.743690
-15.463724
-14.095225
-15.842856
-14.686426
-16.282061
-14.708702
-16.286316
-14.221064
-15.971909
-14.298841
-15.327719
-13.846187
-15.862095
-14.392454
-15.899326
-14.028200
-15.576974
-13.981081
-16.019896
-13.922346
-16.267542
-13.947372
-16.118595
-14.441864
-15.517168
-13.842466
-15.364963
-14.196072
-16.100296
-13.803077
-16.172049
-13.915309
-15.402081
-13.721491
-16.011274
-14.276571
-15.722261
-14.385312
-15.839756
-14.483998
-16.015259
-13.754450
-15.462495
-14.159915
-15.986424
-14.115049
-16.241646
-14.460133
-15.374125
-14.618341
-16.272837
-14.216854
-15.566234
-14.388592
-15.876719
-14.315552
-15.646433
-13.824835
-15.467899
-14.224356
-15.395120
-14.165435
-15.817141
-13.833130
-16.254568
-14.129304
-15.793761
-14.075139
-15.395701
-14.318621
-15.783699
-13.717035
-16.151550
-14.091697
-15.973998
-14.626412
-16.102835
-14.558520
-15.864791
-14.663879
-15.290498
-14.199400
-15.586720
-13.996890
-16.185646
-13.807479
-15.397061
-13.952114
-15.513762
-13.720700
-15.807241
-14.409514
-15.586336
-14.382690
-15.807061
-14.123122
-16.287130
-13.734455
-16.044437
-14.408908
-15.494234
-13.752068
-16.188278
-13.992545
-16.195372
-13.742437
-15.507734
-14.465326
-15.567363
-14.097835
-15.341965
-14.024621
-15.990856
-14.055582
-15.937799
-13.818015
-16.128254
-13.875967
-15.721642
-14.571208
-16.029135
-14.472262
-15.912973
-14.183578
-16.232983
-14.407398
-15.949745
-13.756680
-15.638473
-14.528533
-15.724128
-14.560944
-15.364008
-13.721549
-15.752800
-14.555299
-16.053780
-13.871442
-15.412527
-13.999725
-15.783808
-13.773094
-16.286520
-14.226792
-15.789412
-14.053901
-15.549250
-13.918558
-15.499132
-14.551544
-15.380240
-14.586505
-15.581781
-13.953408
-15.960343
-14.192455
-15.807634
-14.030342
-15.942699
-14.571783
-15.459836
-13.798287
-15.687905
-14.474981
-15.804329
-13.991607
-15.580746
-14.171226
-15.483436
-14.709472
-15.525145
-13.740567
-15.314853
-13.979570
-15.475420
-14.542300
-15.624415
-14.496979
-15.504810
-14.051995
-15.445863
-14.046347
-16.069092
-13.741772
-15.789582
-14.548944
-15.800549
-14.200144
-15.507796
-13.925591
-16.178446
-14.471109
-16.255856
-14.667818
-15.387425
-14.622443
-16.210794
-14.412533
-15.333738
-14.385050
-16.052927
-13.990685
-15.670881
-14.521512
-15.817922
-13.714530
-15.362370
-14.351865
-15.601106
-13.931530
-16.186874
-14.374456
-15.670139
-14.230191
-15.388671
-14.679835
-15.996612
-13.847709
-15.308727
-14.398807
-16.263700
-14.675653
-15.746354
-13.796935
-15.494579
-13.888627
-15.729815
-14.631760
-15.497450
-13.956468
-15.924569
-13.880355
-15.754200
-14.141310
-15.544662
-13.742213
-16.100830
-13.987071
-15.892762
-13.747280
-15.959847
-14.621432
-15.346368
-14.642252
-15.562519
-14.282575
-15.682399
-13.960905
-15.338370
-14.052163
-16.089708
-14.244033
-15.659619
-14.590360
-15.462487
-14.492359
-15.420925
-14.664634
-15.814360
-14.163746
-15.352983
-14.416604
-16.056627
-14.024616
-15.927102
-13.830668
-15.318533
-13.759987
-15.753182
-14.083171
-16.135365
-14.190642
-16.136700
-13.876218
-15.609539
-13.880575
-15.933662
-14.550539
-16.122066
-13.937925
-16.099312
-14.618615
-15.290671
-13.948633
-16.176325
-13.812160
-16.054712
-14.420614
-15.305455
-14.695107
-15.784174
-14.430152
-15.320238
-14.260762
-16.003223
-14.044108
-15.414658
-14.073016
-15.488702
-14.301820
-15.500831
-14.529353
-15.564159
-14.299589
-15.694178
-14.337246
-16.017756
-13.748824
-16.195467
-14.332934
-15.655651
-13.853861
-15.487144
-14.328275
-15.395904
-14.193510
-16.191452
-14.004913
-16.120207
-14.177863
-15.746576
-13.845372
-15.729885
-14.654962
-16.051159
-14.676678
-15.812317
-14.329756
-15.904793
-13.827944
-15.735501
-13.750067
-16.191692
-14.235201
-15.506860
-14.678922
-15.375551
-14.570404
-15.565867
-14.583425
-15.660640
-13.876474
-16.238018
-14.325054
-15.311637
-13.996143
-15.621828
-14.526728
-15.948566
-14.678058
-15.622370
-14.261499
-15.328651
-14.655994
-15.504645
-14.064184
-15.946899
-14.190878
-15.594266
-13.880365
-16.116306
-14.505678
-16.070095
-14.104292
-16.241713
-14.026726
-15.586708
-14.414641
-15.567505
-14.362515
-15.757433
-13.790072
-15.814734
-14.441887
-15.944260
-13.867540
-15.646137
-14.351338
-15.853003
-14.287532
-15.685359
-14.511435
-16.049858
-13.740063
-15.444089
-14.242150
-15.976654
-14.458491
-15.460551
-13.753027
-15.670008
-14.018015
-15.441163
-14.585014
-16.272362
-13.941518
-15.634180
-13.782424
-15.826406
-13.854039
-16.072441
-14.024653
-15.575790
-14.393123
-15.830901
-13.993790
-16.214094
-14.369692
-15.828535
-14.502060
-16.274630
-14.611254
-15.343906
-14.145486
-15.363541
-13.993443
-15.543093
-14.037716
-15.948620
-14.707861
-16.024364
-13.833068
-16.160831
-14.446352
-15.604842
-14.642900
-15.839366
-14.340919
-16.095209
-13.906221
-15.933308
-14.447370
-15.365140
-14.147921
-15.363300
-14.645919
-16.004808
-14.178760
-16.129124
-14.707644
-16.020899
-14.166075
-16.052076
-14.596174
-15.440775
-14.158673
-15.849439
-14.403120
-15.538507
-14.080976
-15.854198
-13.842109
-15.653260
-14.577286
-16.093355
-14.068987
-16.082851
-14.527157
-16.189432
-13.834852
-16.073105
-14.556927
-16.046946
-14.689760
-15.958464
-14.039896
-15.945010
-14.224307
-15.350249
-13.933291
-15.533899
-14.110497
-15.684716
-14.304317
-16.208364
-14.056993
-15.580072
-13.756651
-16.021343
-13.765108
-15.664526
-14.345107
-16.134386
-13.760444
-15.818384
-14.480878
-16.143391
-14.521672
-15.676408
-14.254891
-15.412537
-13.718878
-15.373182
-14.172265
-15.369317
-13.926970
-16.189754
-14.196016
-16.288870
-14.361414
-16.097572
-14.012175
-15.881045
-14.621705
-15.807215
-13.994862
-15.635859
-13.764997
-15.636644
-13.956204
-15.322014
-14.592442
-15.602631
-14.388547
-16.192295
-14.551391
-16.039631
-14.083467
-15.544789
-14.030766
-16.029146
-14.124393
-16.186743
-14.226685
-16.274031
-14.381987
-15.513441
-14.660450
-16.210262
-14.560208
-16.246336
-14.245063
-16.122541
-13.759281
-15.481080
-14.571972
-16.263052
-13.727871
-16.033133
