0.168704
0.168704
0.168704
0.168704
0.168704
0.168704
0.168704
0.194181
0.193575
0.192984
0.192406
0.191842
0.216736
0.215593
0.214478
0.213390
0.212327
0.236712
0.235095
0.233516
0.231975
0.230471
0.254410
0.252372
0.250383
0.248442
0.271941
0.269487
0.267092
0.264753
0.287856
0.285024
0.282260
0.279561
0.302305
0.299130
0.296030
0.293004
0.315424
0.311937
0.308532
0.305209
0.327335
0.323564
0.319884
0.341656
0.337546
0.333533
0.354977
0.350550
0.346228
0.367367
0.362646
0.358036
0.378892
0.373897
0.369020
0.389613
0.384363
0.379237
0.399585
0.394097
0.388740
0.408861
0.403153
0.397580
0.417489
0.411576
0.405804
0.425516
0.419412
0.413453
0.432982
0.426700
0.420568
0.439928
0.433481
0.427188
0.446388
0.439788
0.433344
0.452398
0.445655
0.439072
0.457989
0.451113
0.444400
0.463190
0.456190
0.449356
0.468027
0.460912
0.453967
0.472528
0.465306
0.458256
0.476714
0.469393
0.462245
0.480608
0.473195
0.465957
0.484232
0.476731
0.469410
0.487602
0.480021
0.472621
0.490737
0.483081
0.500948
0.493049
0.510677
0.502548
0.519949
0.511600
0.528785
0.520225
0.537204
0.528444
0.545227
0.536277
0.552873
0.543740
0.560159
0.550852
0.567101
0.557630
0.573717
0.564089
0.580022
0.570243
0.586030
0.576108
0.591755
0.581697
0.597210
0.587023
0.602409
0.592098
0.607364
0.596934
0.612085
0.601543
0.616584
0.605935
0.620871
0.610120
0.624957
0.614109
0.628849
0.617909
0.632559
0.621531
0.636095
0.624982
0.639464
0.628271
0.642674
0.631405
0.645734
0.634392
0.648649
0.637238
0.651427
0.639950
0.654075
0.642535
0.656598
0.644998
0.659002
0.647344
0.661293
0.649581
0.663476
0.651712
0.665557
0.653744
0.667539
0.655679
0.669429
0.657523
0.671229
0.659281
0.672945
0.660956
0.674580
0.662552
0.676138
0.664073
0.677624
0.665522
0.679038
0.666903
0.680387
0.668220
0.681671
0.669474
0.682896
0.670670
0.684062
0.671808
0.685175
0.672894
0.686234
0.673929
0.687243
0.674915
0.688206
0.675854
0.689123
0.676748
0.689996
0.677601
0.690829
0.678415
0.691623
0.679189
0.692379
0.679927
0.693100
0.680631
0.693787
0.681301
0.694441
0.681940
0.695064
0.682548
0.695658
0.683128
0.696225
0.683682
0.696764
0.684208
0.697278
0.684710
0.697768
0.685188
0.698235
0.685644
0.698680
0.686079
0.699104
0.686493
0.699508
0.686888
0.699894
0.687263
0.700261
0.687622
0.700610
0.687962
0.700944
0.688288
0.701261
0.688598
0.701564
0.688893
0.701853
0.689176
0.702127
0.689443
0.702389
0.689699
0.702639
0.689943
0.702877
0.690176
0.703103
0.690396
0.703319
0.690607
0.703525
0.690808
0.703721
0.690999
0.703908
0.691182
0.704086
0.691355
0.704256
0.691522
0.704417
0.691679
0.704571
0.691830
0.704719
0.691973
0.704858
0.692110
0.704992
0.692240
0.705119
0.692364
0.705240
0.692482
0.705356
0.692595
0.705466
0.692702
0.705571
0.692804
0.705670
0.692902
0.705765
0.692995
0.705856
0.693084
0.705942
0.693168
0.706025
0.693249
0.706104
0.693326
0.706178
0.693398
0.706249
0.693467
0.706318
0.693535
0.706382
0.693598
0.706444
0.693657
0.706503
0.693715
0.706558
0.693769
0.706612
0.693822
0.706663
0.693871
0.706711
0.693919
0.706758
0.693964
0.706801
0.694007
0.706843
0.694047
0.706883
0.694087
0.706921
0.694124
0.706958
0.694159
0.706992
0.694194
0.707026
0.694226
0.707057
0.694256
0.707087
0.694286
0.707115
0.694313
0.707142
0.694340
0.707169
0.694365
0.707193
0.694389
0.707217
0.694412
0.707239
0.694434
0.707261
0.694455
0.707281
0.694475
0.707300
0.694494
0.707319
0.694511
0.707337
0.694528
0.707353
0.694545
0.707369
0.694560
0.707384
0.694575
0.707399
0.694590
0.707413
0.694603
0.707427
0.694616
0.707439
0.694629
0.707451
0.694641
0.707462
0.694651
0.707473
0.694662
0.707483
0.694672
0.707493
0.694681
0.707502
0.694691
0.707511
0.694700
0.707520
0.694708
0.707528
0.694716
0.707536
0.694723
0.707543
0.694731
0.707550
0.694738
0.707557
0.694745
0.707563
0.694751
0.707570
0.694756
0.707576
0.694762
0.707581
0.694768
0.707587
0.694772
0.707591
0.694778
0.707597
0.694782
0.707601
0.694786
0.707606
0.694791
0.707609
0.694795
0.707613
0.694799
0.707617
0.694802
0.707620
0.694807
0.707623
0.694810
0.707627
0.694813
0.707630
0.694815
0.707634
0.694819
0.707636
0.694822
0.707639
0.694824
0.707641
0.694826
0.707644
0.694829
0.707646
0.694831
0.707648
0.694834
0.707650
0.694836
0.707652
0.694838
0.707655
0.694839
0.707657
0.694841
0.707658
0.694843
0.707660
0.694844
0.707661
0.694846
0.707662
0.694847
0.707665
0.694849
0.707666
0.694850
0.707667
0.694852
0.707668
0.694853
0.707669
0.694854
0.707670
0.694855
0.707671
0.694856
0.707672
0.694857
0.707674
0.694858
0.707675
0.694859
0.707676
0.694859
0.707676
0.694860
0.707677
0.694861
0.707678
0.694862
0.707679
0.694862
0.707679
0.694863
0.707680
0.694863
0.707680
0.694865
0.707681
0.694866
0.707681
0.694866
0.707682
0.694867
0.707682
0.694867
0.707684
0.694867
0.707684
0.694868
0.707684
0.694868
0.707685
0.694869
0.707685
0.694869
0.707686
0.694869
0.707686
0.694870
0.707686
0.694870
0.707686
0.694870
0.707687
0.694871
0.707687
0.694871
0.707687
0.694871
0.707688
0.694872
0.707688
0.694872
0.707688
0.694872
0.707688
0.694872
0.707689
0.694873
0.707689
0.694873
0.707689
0.694873
0.707689
0.694873
0.707689
0.694873
0.707690
0.694873
0.707690
0.694874
0.707690
0.694874
0.707690
0.694874
0.707690
0.694874
0.707690
0.694874
0.707690
0.694874
0.707690
0.694874
0.707690
0.694875
0.707691
0.694875
0.707691
0.694875
0.707691
0.694875
0.707691
0.694875
0.707691
0.694875
0.707691
0.694875
0.707691
0.694875
0.707691
0.694875
0.707691
0.694875
0.707691
0.694875
0.707691
0.694875
0.707693
0.694875
0.707693
0.694875
0.707693
0.694876
0.707693
0.694876
0.707693
0.694876
0.707693
0.694876
0.707693
0.694876
0.707693
0.694876
0.707693
0.694876
0.707693
0.694876
0.707693
0.694876
0.707693
0.694876
0.707693
0.694876
0.707693
0.694876
0.707693
0.694876
0.707693
0.694876
0.707693
0.694876
0.707693
0.694876
0.707693
0.694876
0.707693
0.694876
0.707693
0.694876
0.707693
0.694876
0.707693
0.694876
0.707693
0.694876
0.707693
0.694876
0.707693
0.694876
0.707693
0.694876
0.707693
0.694876
0.707693
0.694876
0.707693
0.694876
0.707693
0.694876
0.707693
0.694876
0.707693
0.694876
0.707693
0.694876
0.707693
0.694876
0.707693
0.694876
0.707693
0.694876
0.707693
0.694876
0.707693
0.694876
0.707693
0.694876
0.707693
0.694876
0.707693
0.694876
0.707693
0.694876
0.707693
0.694876
0.707693
0.694876
0.707693
0.694876
0.707693
0.694876
0.707693
0.694876
0.707693
0.694876
0.707693
0.694876
0.707693
0.694876
0.707693
0.694876
0.707693
0.694876
0.707693
0.694876
0.707693
0.694876
0.707693
0.694876
0.707693
0.694876
0.707693
0.694876
0.707693
0.694876
0.707693
0.694876
0.707693
0.694876
0.707693
0.694876
0.707693
0.694876
0.707693
0.694876
0.707693
0.694876
0.707693
0.694876
0.707693
0.694876
0.707693
0.694876
0.707693
0.694876
0.707693
0.694876
0.707693
0.694876
0.707693
0.694876
0.707693
0.694876
0.707693
0.694876
0.707693
0.694876
0.707693
0.694876
0.707693
0.694876
0.707693
0.694876
0.707693
0.694876
0.707693
0.694876
0.707693
0.694876
0.707693
0.694876
0.707693
0.694876
0.707693
0.694876
0.707693
0.694876
0.707693
0.694876
0.707693
0.694876
0.707693
0.694876
0.707693
0.694876
0.707693
0.694876
0.707693
0.694876
0.707693
0.694876
0.707693
0.694876
0.707693
0.694876
0.707693
0.694876
0.707693
0.694876
0.707693
0.694876
0.707693
0.694876
0.707693
0.694876
0.707693
0.694876
0.707693
0.694876
0.707693
0.694876
0.707693
0.694876
0.707693
0.694876
0.707693
0.694876
0.707693
0.694876
0.707693
0.694876
0.707693
0.694876
0.707693
0.694876
0.707693
0.694876
0.707693
0.694876
0.707693
0.694876
0.707693
0.694876
0.707693
0.694876
0.707693
0.694876
0.707693
0.694876
0.707693
0.694876
0.707693
0.694876
0.707693
0.694876
0.707693
0.694876
0.707693
0.694876
0.707693
0.694876
0.707693
0.694876
0.707693
0.694876
0.707693
0.694876
0.707693
0.694876
0.707693
0.694876
0.707693
0.694876
0.707693
0.694876
0.707693
0.694876
0.707693
0.694876
0.707693
0.694876
0.707693
0.694876
0.707693
0.694876
0.707693
0.694876
0.707693
0.694876
0.707693
0.694876
0.707693
0.694876
0.707693
0.694876
0.707693
0.694876
0.707693
0.694876
0.707693
0.694876
0.707693
0.694876
0.707693
0.694876
0.707693
0.694876
0.707693
0.694876
0.707693
0.694876
0.707693
0.694876
0.707693
0.694876
0.707693
0.694876
0.707693
0.694876
0.707693
0.694876
0.707693
0.694876
0.707693
0.694876
0.707693
0.694876
0.707693
0.694876
0.707693
0.694876
0.707693
0.694876
0.707693
0.694876
0.707693
0.694876
0.707693
0.694876
0.707693
0.694876
0.707693
0.694876
0.707693
0.694876
0.707693
0.694876
0.707693
0.694876
0.707693
0.694876
0.707693
0.694876
0.707693
0.694876
0.707693
0.694876
0.707693
0.694876
0.707693
0.694876
0.707693
0.694876
0.707693
0.694876
0.707693
0.694876
0.707693
0.694876
0.707693
0.694876
0.707693
0.694876
0.707693
0.694876
0.707693
0.694876
0.707693
0.694876
0.707693
0.694876
0.707693
0.694876
0.707693
0.694876
0.707693
0.694876
0.707693
0.694876
0.707693
0.694876
0.707693
0.694876
0.707693
0.694876
0.707693
0.694876
0.707693
0.694876
0.707693
0.694876
0.707693
0.694876
0.707693
0.694876
0.707693
0.694876
0.707693
0.694876
0.707693
0.694876
0.707693
0.694876
0.707693
0.694876
0.707693
0.694876
0.707693
0.694876
0.707693
0.694876
0.707693
0.694876
0.707693
0.694876
0.707693
0.694876
0.707693
0.694876
0.707693
0.694876
0.707693
0.694876
0.707693
0.694876
0.707693
0.694876
0.707693
0.694876
0.707693
0.694876
0.707693
0.694876
0.707693
0.694876
0.707693
0.694876
0.707693
0.694876
0.707693
0.694876
0.707693
0.694876
0.707693
0.694876
0.707693
0.694876
0.707693
0.694876
0.707693
0.694876
0.707693
0.694876
0.707693
0.694876
0.707693
0.694876
0.707693
0.694876
0.707693
0.694876
0.707693
0.694876
0.707693
0.694876
0.707693
0.694876
0.707693
0.694876
0.707693
0.694876
0.707693
0.694876
0.707693
0.694876
0.707693
0.694876
0.707693
0.694876
0.707693
0.694876
0.707693
0.694876
0.707693
0.694876
0.707693
0.694876
0.707693
0.694876
0.707693
0.694876
0.707693
0.694876
0.707693
0.694876
0.707693
0.694876
0.707693
0.694876
0.707693
0.694876
0.707693
0.694876
0.707693
0.694876
0.707693
0.694876
0.707693
0.694876
0.707693
0.694876
0.707693
0.694876
0.707693
0.694876
0.707693
0.694876
0.707693
0.694876
0.707693
0.694876
0.707693
0.694876
0.707693
0.694876
0.707693
0.694876
0.707693
0.694876
0.707693
0.694876
0.707693
0.694876
0.707693
0.694876
0.707693
0.694876
0.707693
0.694876
0.707693
0.694876
0.707693
0.694876
0.707693
0.694876
0.707693
0.694876
0.707693
0.694876
0.707693
0.694876
0.707693
0.694876
0.707693
0.694876
0.707693
0.694876
0.707693
0.694876
0.707693
0.694876
0.707693
0.694876
0.707693
0.694876
0.707693
0.694876
0.707693
0.694876
0.707693
0.694876
0.707693
0.694876
0.707693
0.694876
0.707693
0.694876
0.707693
0.694876
0.707693
0.694876
0.707693
0.694876
0.707693
0.694876
0.707693
0.694876
0.707693
0.694876
0.707693
0.694876
0.707693
0.694876
0.707693
0.694876
0.707693
0.694876
0.707693
0.694876
0.707693
0.694876
0.707693
0.694876
0.707693
0.694876
0.707693
0.694876
0.707693
0.694876
0.707693
0.694876
0.707693
0.694876
0.707693
0.694876
0.707693
0.694876
0.707693
0.694876
0.707693
0.694876
0.707693
0.694876
0.707693
0.694876
0.707693
0.694876
0.707693
0.694876
0.707693
0.694876
0.707693
0.694876
0.707693
0.694876
0.707693
0.694876
0.707693
0.694876
0.707693
0.694876
0.707693
0.694876
0.707693
0.694876
0.707693
0.694876
0.707693
0.694876
0.707693
0.694876
0.707693
0.694876
0.707693
0.694876
0.707693
0.694876
0.707693
0.694876
0.707693
0.694876
0.707693
0.694876
0.707693
0.694876
0.707693
0.694876
0.707693
0.694876
0.707693
0.694876
0.707693
0.694876
0.707693
0.694876
0.707693
0.694876
0.707693
0.694876
0.707693
0.694876
0.707693
0.694876
0.707693
0.694876
0.707693
0.694876
0.707693
0.694876
0.707693
0.694876
0.707693
0.694876
0.707693
0.694876
0.707693
0.694876
0.707693
0.694876
0.707693
0.694876
0.707693
0.694876
0.707693
0.694876
0.707693
0.694876
0.707693
0.694876
0.707693
0.694876
0.707693
0.694876
0.707693
0.694876
0.707693
0.694876
0.707693
0.694876
0.707693
0.694876
0.707693
0.694876
0.707693
0.694876
0.707693
0.694876
0.707693
0.694876
0.707693
0.694876
0.707693
0.694876
0.707693
0.694876
0.707693
0.694876
0.707693
0.694876
0.707693
0.694876
0.707693
0.694876
0.707693
0.694876
0.707693
0.694876
0.707693
0.694876
0.707693
0.694876
0.707693
0.694876
0.707693
0.694876
0.707693
0.694876
0.707693
0.694876
0.707693
0.694876
0.707693
0.694876
0.707693
0.694876
0.707693
0.694876
0.707693
0.694876
0.707693
0.694876
0.707693
0.694876
0.707693
0.694876
0.707693
0.694876
0.707693
0.694876
0.707693
0.694876
0.707693
0.694876
0.707693
0.694876
0.707693
0.694876
0.707693
0.694876
0.707693
0.694876
0.707693
0.694876
0.707693
0.694876
0.707693
0.694876
0.707693
0.694876
0.707693
0.694876
0.707693
0.694876
0.707693
0.694876
0.707693
0.694876
0.707693
0.694876
0.707693
0.694876
0.707693
0.694876
0.707693
0.694876
0.707693
0.694876
0.707693
0.694876
0.707693
0.694876
0.707693
0.694876
0.707693
0.694876
0.707693
0.694876
0.707693
0.694876
0.707693
0.694876
0.707693
0.694876
0.707693
0.694876
0.707693
0.694876
0.707693
0.694876
0.707693
0.694876
0.707693
0.694876
0.707693
0.694876
0.707693
0.694876
0.707693
0.694876
0.707693
0.694876
0.707693
0.694876
0.707693
0.694876
0.707693
0.694876
0.707693
0.694876
0.707693
0.694876
0.707693
0.694876
0.707693
0.694876
0.707693
0.694876
0.707693
0.694876
0.707693
0.694876
0.707693
0.694876
0.707693
0.694876
0.707693
0.694876
0.707693
0.694876
0.707693
0.694876
0.707693
0.694876
0.707693
0.694876
0.707693
0.694876
0.707693
0.694876
0.707693
0.694876
0.707693
0.694876
0.707693
0.694876
0.707693
0.694876
0.707693
0.694876
0.707693
0.694876
0.707693
0.694876
0.707693
0.694876
0.707693
0.694876
0.707693
0.694876
0.707693
0.694876
0.707693
0.694876
0.707693
0.694876
0.707693
0.694876
0.707693
0.694876
0.707693
0.694876
0.707693
0.694876
0.707693
0.694876
0.707693
0.694876
0.707693
0.694876
0.707693
0.694876
0.707693
0.694876
0.707693
0.694876
0.707693
0.694876
0.707693
0.694876
0.707693
0.694876
0.707693
0.694876
0.707693
0.694876
0.707693
0.694876
0.707693
0.694876
0.707693
0.694876
0.707693
0.694876
0.707693
0.694876
0.707693
0.694876
0.707693
0.694876
0.707693
0.694876
0.707693
0.694876
0.707693
0.694876
0.707693
0.694876
0.707693
0.694876
0.707693
0.694876
0.707693
0.694876
0.707693
0.694876
0.707693
0.694876
0.707693
0.694876
0.707693
0.694876
0.707693
0.694876
0.707693
0.694876
0.707693
0.694876
0.707693
0.694876
0.707693
0.694876
0.707693
0.694876
0.707693
0.694876
0.707693
0.694876
0.707693
0.694876
0.707693
0.694876
0.707693
0.694876
0.707693
0.694876
0.707693
0.694876
0.707693
0.694876
0.707693
0.694876
0.707693
0.694876
0.707693
0.694876
0.707693
0.694876
0.707693
0.694876
0.707693
0.694876
0.707693
0.694876
0.707693
0.694876
0.707693
0.694876
0.707693
0.694876
0.707693
0.694876
0.707693
0.694876
0.707693
0.694876
0.707693
0.694876
0.707693
0.694876
0.707693
0.694876
0.707693
0.694876
0.707693
0.694876
0.707693
0.694876
0.707693
0.694876
0.707693
0.694876
0.707693
0.694876
0.707693
0.694876
0.707693
0.694876
0.707693
0.694876
0.707693
0.694876
0.707693
0.694876
0.707693
0.694876
0.707693
0.694876
0.707693
0.694876
0.707693
0.694876
0.707693
0.694876
0.707693
0.694876
0.707693
0.694876
0.707693
0.694876
0.707693
0.694876
0.707693
0.694876
0.707693
0.694876
0.707693
0.694876
0.707693
0.694876
0.707693
0.694876
0.707693
0.694876
0.707693
0.694876
0.707693
0.694876
0.707693
0.694876
0.707693
0.694876
0.707693
0.694876
0.707693
0.694876
0.707693
0.694876
0.707693
0.694876
0.707693
0.694876
0.707693
0.694876
0.707693
0.694876
0.707693
0.694876
0.707693
0.694876
0.707693
0.694876
0.707693
0.694876
0.707693
0.694876
0.707693
0.694876
0.707693
0.694876
0.707693
0.694876
0.707693
0.694876
0.707693
0.694876
0.707693
0.694876
0.707693
0.694876
0.707693
0.694876
0.707693
0.694876
0.707693
0.694876
0.707693
0.694876
0.707693
0.694876
0.707693
0.694876
0.707693
0.694876
0.707693
0.694876
0.707693
0.694876
0.707693
0.694876
0.707693
0.694876
0.707693
0.694876
0.707693
0.694876
0.707693
0.694876
0.707693
0.694876
0.707693
0.694876
0.707693
0.694876
0.707693
0.694876
0.707693
0.694876
0.707693
0.694876
0.707693
0.694876
0.707693
0.694876
0.707693
0.694876
0.707693
0.694876
0.707693
0.694876
0.707693
0.694876
0.707693
0.694876
0.707693
0.694876
0.707693
0.694876
0.707693
0.694876
0.707693
0.694876
0.707693
0.694876
0.707693
0.694876
0.707693
0.694876
0.707693
0.694876
0.707693
0.694876
0.707693
0.694876
0.707693
0.694876
0.707693
0.694876
0.707693
0.694876
0.707693
0.694876
0.707693
0.694876
0.707693
0.694876
0.707693
0.694876
0.707693
0.694876
0.707693
0.694876
0.707693
0.694876
0.707693
0.694876
0.707693
0.694876
0.707693
0.694876
0.707693
0.694876
0.707693
0.694876
0.707693
0.694876
0.707693
0.694876
0.707693
0.694876
0.707693
0.694876
0.707693
0.694876
0.707693
0.694876
0.707693
0.694876
0.707693
0.694876
0.707693
0.694876
0.707693
0.694876
0.707693
0.694876
0.707693
0.694876
0.707693
0.694876
0.707693
0.694876
0.707693
0.694876
0.707693
0.694876
0.707693
0.694876
0.707693
0.694876
0.707693
0.694876
0.707693
0.694876
0.707693
0.694876
0.707693
0.694876
0.707693
0.694876
0.707693
0.694876
0.707693
0.694876
0.707693
0.694876
0.707693
0.694876
0.707693
0.694876
0.707693
0.694876
0.707693
0.694876
0.707693
0.694876
0.707693
0.694876
0.707693
0.694876
0.707693
0.694876
0.707693
0.694876
0.707693
0.694876
0.707693
0.694876
0.707693
0.694876
0.707693
0.694876
0.707693
0.694876
0.707693
0.694876
0.707693
0.694876
0.707693
0.694876
0.707693
0.694876
0.707693
0.694876
0.707693
0.694876
0.707693
0.694876
0.707693
0.694876
0.707693
0.694876
0.707693
0.694876
0.707693
0.694876
0.707693
0.694876
0.707693
0.694876
0.707693
0.694876
0.707693
0.694876
0.707693
0.694876
0.707693
0.694876
0.707693
0.694876
0.707693
0.694876
0.707693
0.694876
0.707693
0.694876
0.707693
0.694876
0.707693
0.694876
0.707693
0.694876
0.707693
0.694876
0.707693
0.694876
0.707693
0.694876
0.707693
0.694876
0.707693
0.694876
0.707693
0.694876
0.707693
0.694876
0.707693
0.694876
0.707693
0.694876
0.707693
0.694876
0.707693
0.694876
0.707693
0.694876
0.707693
0.694876
0.707693
0.694876
0.707693
0.694876
0.707693
0.694876
0.707693
0.694876
0.707693
0.694876
0.707693
0.694876
0.707693
0.694876
0.707693
0.694876
0.707693
0.694876
0.707693
0.694876
0.707693
0.694876
0.707693
0.694876
0.707693
0.694876
0.707693
0.694876
0.707693
0.694876
0.707693
0.694876
0.707693
0.694876
0.707693
0.694876
0.707693
0.694876
0.707693
0.694876
0.707693
0.694876
0.707693
0.694876
0.707693
0.694876
0.707693
0.694876
0.707693
0.694876
0.707693
0.694876
0.707693
0.694876
0.707693
0.694876
0.707693
0.694876
0.707693
0.694876
0.707693
0.694876
0.707693
0.694876
0.707693
0.694876
0.707693
0.694876
0.707693
0.694876
0.707693
0.694876
0.707693
0.694876
0.707693
0.694876
0.707693
0.694876
0.707693
0.694876
0.707693
0.694876
0.707693
0.694876
0.707693
0.694876
0.707693
0.694876
0.707693
0.694876
0.707693
0.694876
0.707693
0.694876
0.707693
0.694876
0.707693
0.694876
0.707693
0.694876
0.707693
0.694876
0.707693
0.694876
0.707693
0.694876
0.707693
0.694876
0.707693
0.694876
0.707693
0.694876
0.707693
0.694876
0.707693
0.694876
0.707693
0.694876
0.707693
0.694876
0.707693
0.694876
0.707693
0.694876
0.707693
0.694876
0.707693
0.694876
0.707693
0.694876
0.707693
0.694876
0.707693
0.694876
0.707693
0.694876
0.707693
0.694876
0.707693
0.694876
0.707693
0.694876
0.707693
0.694876
0.707693
0.694876
0.707693
0.694876
0.707693
0.694876
0.707693
0.694876
0.707693
0.694876
0.707693
0.694876
0.707693
0.694876
0.707693
0.694876
0.707693
0.694876
0.707693
0.694876
0.707693
0.694876
0.707693
0.694876
0.707693
0.694876
0.707693
0.694876
0.707693
0.694876
0.707693
0.694876
0.707693
0.694876
0.707693
0.694876
0.707693
0.694876
0.707693
0.694876
0.707693
0.694876
0.707693
0.694876
0.707693
0.694876
0.707693
0.694876
0.707693
0.694876
0.707693
0.694876
0.707693
0.694876
0.707693
0.694876
0.707693
0.694876
0.707693
0.694876
0.707693
0.694876
0.707693
0.694876
0.707693
0.694876
0.707693
0.694876
0.707693
0.694876
0.707693
0.694876
0.707693
0.694876
0.707693
0.694876
0.707693
0.694876
0.707693
0.694876
0.707693
0.694876
0.707693
0.694876
0.707693
0.694876
0.707693
0.694876
0.707693
0.694876
0.707693
0.694876
0.707693
0.694876
0.707693
0.694876
0.707693
0.694876
0.707693
0.694876
0.707693
0.694876
0.707693
0.694876
0.707693
0.694876
0.707693
0.694876
0.707693
0.694876
0.707693
0.694876
0.707693
0.694876
0.707693
0.694876
0.707693
0.694876
0.707693
0.694876
0.707693
0.694876
0.707693
0.694876
0.707693
0.694876
0.707693
0.694876
0.707693
0.694876
0.707693
0.694876
0.707693
0.694876
0.707693
0.694876
0.707693
0.694876
0.707693
0.694876
0.707693
0.694876
0.707693
0.694876
0.707693
0.694876
0.707693
0.694876
0.707693
0.694876
0.707693
0.694876
0.707693
0.694876
0.707693
0.694876
0.707693
0.694876
0.707693
0.694876
0.707693
0.694876
0.707693
0.694876
0.707693
0.694876
0.707693
0.694876
0.707693
0.694876
0.707693
0.694876
0.707693
0.694876
0.707693
0.694876
0.707693
0.694876
0.707693
0.694876
0.707693
0.694876
0.707693
0.694876
0.707693
0.694876
0.707693
0.694876
0.707693
0.694876
0.707693
0.694876
0.707693
0.694876
0.707693
0.694876
0.707693
0.694876
0.707693
0.694876
0.707693
0.694876
0.707693
0.694876
0.707693
0.694876
0.707693
0.694876
0.707693
0.694876
0.707693
0.694876
0.707693
0.694876
0.707693
0.694876
0.707693
0.694876
0.707693
0.694876
0.707693
0.694876
0.707693
0.694876
0.707693
0.694876
0.707693
0.694876
0.707693
0.694876
0.707693
0.694876
0.707693
0.694876
0.707693
0.694876
0.707693
0.694876
0.707693
0.694876
0.707693
0.694876
0.707693
0.694876
0.707693
0.694876
0.707693
0.694876
0.707693
0.694876
0.707693
0.694876
0.707693
0.694876
0.707693
0.694876
0.707693
0.694876
0.707693
0.694876
0.707693
0.694876
0.707693
0.694876
0.707693
0.694876
0.707693
0.694876
0.707693
0.694876
0.707693
0.694876
0.707693
0.694876
0.707693
0.694876
0.707693
0.694876
0.707693
0.694876
0.707693
0.694876
0.707693
0.694876
0.707693
0.694876
0.707693
0.694876
0.707693
0.694876
0.707693
0.694876
0.707693
0.694876
0.707693
0.694876
0.707693
0.694876
0.707693
0.694876
0.707693
0.694876
0.707693
0.694876
0.707693
0.694876
0.707693
0.694876
0.707693
0.694876
0.707693
0.694876
0.707693
0.694876
0.707693
0.694876
0.707693
0.694876
0.707693
0.694876
0.707693
0.694876
0.707693
0.694876
0.707693
0.694876
0.707693
0.694876
0.707693
0.694876
0.707693
0.694876
0.707693
0.694876
0.707693
0.694876
0.707693
0.694876
0.707693
0.694876
0.707693
0.694876
0.707693
0.694876
0.707693
0.694876
0.707693
0.694876
0.707693
0.694876
0.707693
0.694876
0.707693
0.694876
0.707693
0.694876
0.707693
0.694876
0.707693
0.694876
0.707693
0.694876
0.707693
0.694876
0.707693
0.694876
0.707693
0.694876
0.707693
0.694876
0.707693
0.694876
0.707693
0.694876
0.707693
0.694876
0.707693
0.694876
0.707693
0.694876
0.707693
0.694876
0.707693
0.694876
0.707693
0.694876
0.707693
0.694876
0.707693
0.694876
0.707693
0.694876
0.707693
0.694876
0.707693
0.694876
0.707693
0.694876
0.707693
0.694876
0.707693
0.694876
0.707693
0.694876
0.707693
0.694876
0.707693
0.694876
0.707693
0.694876
0.707693
0.694876
0.707693
0.694876
0.707693
0.694876
0.707693
0.694876
0.707693
0.694876
0.707693
0.694876
0.707693
0.694876
0.707693
0.694876
0.707693
0.694876
0.707693
0.694876
0.707693
0.694876
0.707693
0.694876
0.707693
0.694876
0.707693
0.694876
0.707693
0.694876
0.707693
0.694876
0.707693
0.694876
0.707693
0.694876
0.707693
0.694876
0.707693
0.694876
0.707693
0.694876
0.707693
0.694876
0.707693
0.694876
0.707693
0.694876
0.707693
0.694876
0.707693
0.694876
0.707693
0.694876
0.707693
0.694876
0.707693
0.694876
0.707693
0.694876
0.707693
0.694876
0.707693
0.694876
0.707693
0.694876
0.707693
0.694876
0.707693
0.694876
0.707693
0.694876
0.707693
0.694876
0.707693
0.694876
0.707693
0.694876
0.707693
0.694876
0.707693
0.694876
0.707693
0.694876
0.707693
0.694876
0.707693
0.694876
0.707693
0.694876
0.707693
0.694876
0.707693
0.694876
0.707693
0.694876
0.707693
0.694876
0.707693
0.694876
0.707693
0.694876
0.707693
0.694876
0.707693
0.694876
0.707693
0.694876
0.707693
0.694876
0.707693
0.694876
0.707693
0.694876
0.707693
0.694876
0.707693
0.694876
0.707693
0.694876
0.707693
0.694876
0.707693
0.694876
0.707693
0.694876
0.707693
0.694876
0.707693
0.694876
0.707693
0.694876
0.707693
0.694876
0.707693
0.694876
0.707693
0.694876
0.707693
0.694876
0.707693
0.694876
0.707693
0.694876
0.707693
0.694876
0.707693
0.694876
0.707693
0.694876
0.707693
0.694876
0.707693
0.694876
0.707693
0.694876
0.707693
0.694876
0.707693
0.694876
0.707693
0.694876
0.707693
0.694876
0.707693
0.694876
0.707693
0.694876
0.707693
0.694876
0.707693
0.694876
0.707693
0.694876
0.707693
0.694876
0.707693
0.694876
0.707693
0.694876
0.707693
0.694876
0.707693
0.694876
0.707693
0.694876
0.707693
0.694876
0.707693
0.694876
0.707693
0.694876
0.707693
0.694876
0.707693
0.694876
0.707693
0.694876
0.707693
0.694876
0.707693
0.694876
0.707693
0.694876
0.707693
0.694876
0.707693
0.694876
0.707693
0.694876
0.707693
0.694876
0.707693
0.694876
0.707693
0.694876
0.707693
0.694876
0.707693
0.694876
0.707693
0.694876
0.707693
0.694876
0.707693
0.694876
0.707693
0.694876
0.707693
0.694876
0.707693
0.694876
0.707693
0.694876
0.707693
0.694876
0.707693
0.694876
0.707693
0.694876
0.707693
0.694876
0.707693
0.694876
0.707693
0.694876
0.707693
0.694876
0.707693
0.694876
0.707693
0.694876
0.707693
0.694876
0.707693
0.694876
0.707693
0.694876
0.707693
0.694876
0.707693
0.694876
0.707693
0.694876
0.707693
0.694876
0.707693
0.694876
0.707693
0.694876
0.707693
0.694876
0.707693
0.694876
0.707693
0.694876
0.707693
0.694876
0.707693
0.694876
0.707693
0.694876
0.707693
0.694876
0.707693
0.694876
0.707693
0.694876
0.707693
0.694876
0.707693
0.694876
0.707693
0.694876
0.707693
0.694876
0.707693
0.694876
0.707693
0.694876
0.707693
0.694876
0.707693
0.694876
0.707693
0.694876
0.707693
0.694876
0.707693
0.694876
0.707693
0.694876
0.707693
0.694876
0.707693
0.694876
0.707693
0.694876
0.707693
0.694876
0.707693
0.694876
0.707693
0.694876
0.707693
0.694876
0.707693
0.694876
0.707693
0.694876
0.707693
0.694876
0.707693
0.694876
0.707693
0.694876
0.707693
0.694876
0.707693
0.694876
0.707693
0.694876
0.707693
0.694876
0.707693
0.694876
0.707693
0.694876
0.707693
0.694876
0.707693
0.694876
0.707693
0.694876
0.707693
0.694876
0.707693
0.694876
0.707693
0.694876
0.707693
0.694876
0.707693
0.694876
0.707693
0.694876
0.707693
0.694876
0.707693
0.694876
0.707693
0.694876
0.707693
0.694876
0.707693
0.694876
0.707693
0.694876
0.707693
0.694876
0.707693
0.694876
0.707693
0.694876
0.707693
0.694876
0.707693
0.694876
0.707693
0.694876
0.707693
0.694876
0.707693
0.694876
0.707693
0.694876
0.707693
0.694876
0.707693
0.694876
0.707693
0.694876
0.707693
0.694876
0.707693
0.694876
0.707693
0.694876
0.707693
0.694876
0.707693
0.694876
0.707693
0.694876
0.707693
0.694876
0.707693
0.694876
0.707693
0.694876
0.707693
0.694876
0.707693
0.694876
0.707693
0.694876
0.707693
0.694876
0.707693
0.694876
0.707693
0.694876
0.707693
0.694876
0.707693
0.694876
0.707693
0.694876
0.707693
0.694876
0.707693
0.694876
0.707693
0.694876
0.707693
0.694876
0.707693
0.694876
0.707693
0.694876
0.707693
0.694876
0.505043
0.492221
0.505043
0.492221
0.505043
0.492221
0.505043
0.492221
0.505043
0.492221
0.505043
0.492221
0.505043
0.492221
0.505043
0.492221
0.505043
0.492221
0.505043
0.492221
0.505043
0.492221
0.505043
0.492221
0.505043
0.492221
0.505043
0.492221
0.505043
0.492221
0.505043
0.492221
0.505043
0.492221
0.505043
0.492221
0.505043
0.492221
0.505043
0.492221
0.505043
0.492221
0.505043
0.492221
0.505043
0.492221
0.505043
0.492221
0.479705
0.492824
0.480294
0.493400
0.480855
0.468608
0.481993
0.469719
0.457737
0.471381
0.459360
0.447624
0.461509
0.449723
0.438216
0.452326
0.440757
0.429463
0.443782
0.432417
0.421321
0.435834
0.424657
0.413746
0.428440
0.417439
0.406699
0.421561
0.410724
0.400143
0.415163
0.404476
0.394044
0.409209
0.398665
0.388370
0.403671
0.393258
0.383092
0.398519
0.388228
0.378182
0.393727
0.383549
0.373614
0.389268
0.379196
0.369364
0.385120
0.375147
0.365411
0.381261
0.371380
0.361733
0.377672
0.367875
0.358312
0.374332
0.364615
0.355129
0.371225
0.361582
0.352168
0.368335
0.358761
0.349414
0.365647
0.356136
0.346851
0.363146
0.353694
0.344467
0.360819
0.351423
0.342249
0.358655
0.349310
0.340186
0.356641
0.347344
0.338267
0.354768
0.345515
0.336482
0.353025
0.343814
0.334821
0.351404
0.342231
0.333276
0.349896
0.340759
0.331838
0.348493
0.339389
0.330501
0.347188
0.338115
0.329257
0.345974
0.336930
0.328100
0.344844
0.335827
0.327024
0.343794
0.334802
0.326022
0.342817
0.333847
0.325091
0.341907
0.332960
0.324224
0.315696
0.332738
0.324008
0.315484
0.332531
0.323806
0.315288
0.306971
0.324223
0.315694
0.307368
0.299239
0.316677
0.308327
0.300176
0.292217
0.309823
0.301637
0.293643
0.285840
0.303600
0.295560
0.287711
0.280047
0.297947
0.290041
0.282323
0.274787
0.292813
0.285029
0.277429
0.270009
0.288151
0.280477
0.272985
0.265670
0.283917
0.276343
0.268949
0.261730
0.280071
0.272589
0.265283
0.258151
0.276579
0.269179
0.261954
0.254900
0.273408
0.266083
0.258931
0.251949
0.270527
0.263271
0.256185
0.249268
0.267911
0.260717
0.253692
0.246833
0.265536
0.258397
0.251427
0.244622
0.263379
0.256291
0.249371
0.242614
0.261419
0.254378
0.247503
0.240791
0.259640
0.252641
0.245807
0.239135
0.258024
0.251063
0.244267
0.237631
0.231151
0.250235
0.243458
0.236841
0.230381
0.224072
0.243329
0.236715
0.230257
0.223952
0.217795
0.237206
0.230736
0.224420
0.218252
0.212230
0.231776
0.225435
0.219244
0.213198
0.207295
0.226962
0.220735
0.214654
0.208717
0.202919
0.222694
0.216567
0.210585
0.204743
0.199039
0.218910
0.212872
0.206977
0.201220
0.195599
0.215555
0.209596
0.203778
0.198096
0.192549
0.212580
0.206692
0.200942
0.195327
0.189844
0.209943
0.204116
0.198427
0.192871
0.187446
0.207605
0.201833
0.196198
0.190694
0.185320
0.205532
0.199809
0.194221
0.188764
0.183435
0.178232
0.198620
0.193060
0.187631
0.182329
0.177151
0.172095
0.192637
0.187218
0.181925
0.176757
0.171710
0.089770
0.092660
0.120664
0.121676
0.122188
0.122259
0.121945
0.121291
0.120340
0.119131
0.143329
0.141100
0.138720
0.058256
0.063555
0.067925
0.071487
0.074340
0.076569
0.078248
0.079442
-nan
-nan
-nan
0.016682
0.024811
0.030423
-0.028374
-nan
-nan
-nan
-nan
-0.067041
-0.053379
-0.040865
-0.028941
-0.100873
-0.085163
-0.071085
-0.058419
-0.125580
-0.108316
-0.092878
-0.079058
-0.144263
-0.125898
-0.109474
-0.094782
-0.158804
-0.139657
-0.122526
-0.107199
-0.170427
-0.150718
-0.133074
-0.117282
-0.179948
-0.159826
-0.141804
-0.202237
-0.180276
-0.160596
-0.219418
-0.196092
-0.175179
-0.232817
-0.208474
-0.186641
-0.243401
-0.218298
-0.195775
-0.251878
-0.226202
-0.203159
-0.258766
-0.232656
-0.209217
-0.264446
-0.238004
-0.214262
-0.269201
-0.242503
-0.218525
-0.273237
-0.246339
-0.222178
-0.276711
-0.249654
-0.225347
-0.279737
-0.252554
-0.228128
-0.282402
-0.255116
-0.230594
-0.284773
-0.257401
-0.232799
-0.286899
-0.259456
-0.234786
-0.288818
-0.261315
-0.236588
-0.290561
-0.263006
-0.238229
-0.292152
-0.264551
-0.239731
-0.293610
-0.265968
-0.241110
-0.294949
-0.267272
-0.242380
-0.296183
-0.268474
-0.319704
-0.289710
-0.338856
-0.307009
-0.354469
-0.321117
-0.367211
-0.332638
-0.377622
-0.342058
-0.386144
-0.349774
-0.393129
-0.356106
-0.398867
-0.361312
-0.403591
-0.365604
-0.407490
-0.369151
-0.410717
-0.372091
-0.413397
-0.374537
-0.415630
-0.376579
-0.417499
-0.378292
-0.419070
-0.379735
-0.420397
-0.380957
-0.421523
-0.381998
-0.422485
-0.382889
-0.423311
-0.383656
-0.424025
-0.384321
-0.424646
-0.384902
-0.425189
-0.385412
-0.425669
-0.385864
-0.426094
-0.386265
-0.426473
-0.386624
-0.426814
-0.386949
-0.427123
-0.387242
-0.427403
-0.387510
-0.427659
-0.387755
-0.427894
-0.387981
-0.428111
-0.388189
-0.428311
-0.388383
-0.428498
-0.388563
-0.428672
-0.388731
-0.428834
-0.388888
-0.428986
-0.389036
-0.429130
-0.389175
-0.429265
-0.389306
-0.429392
-0.389430
-0.429512
-0.389546
-0.429626
-0.389657
-0.429733
-0.389762
-0.429835
-0.389861
-0.429932
-0.389955
-0.430023
-0.390044
-0.430110
-0.390129
-0.430193
-0.390210
-0.430272
-0.390287
-0.430347
-0.390359
-0.430418
-0.390429
-0.430485
-0.390495
-0.430550
-0.390558
-0.430611
-0.390618
-0.430669
-0.390675
-0.430725
-0.390729
-0.430778
-0.390780
-0.430828
-0.390830
-0.430876
-0.390877
-0.430922
-0.390921
-0.430966
-0.390964
-0.431007
-0.391004
-0.431046
-0.391043
-0.431084
-0.391079
-0.431120
-0.391114
-0.431154
-0.391148
-0.431187
-0.391180
-0.431218
-0.391210
-0.431247
-0.391239
-0.431276
-0.391266
-0.431302
-0.391293
-0.431328
-0.391318
-0.431352
-0.391342
-0.431376
-0.391364
-0.431398
-0.391386
-0.431419
-0.391406
-0.431439
-0.391426
-0.431458
-0.391445
-0.431476
-0.391462
-0.431494
-0.391479
-0.431510
-0.391496
-0.431526
-0.391511
-0.431541
-0.391526
-0.431556
-0.391540
-0.431569
-0.391553
-0.431582
-0.391566
-0.431595
-0.391578
-0.431607
-0.391590
-0.431618
-0.391601
-0.431628
-0.391611
-0.431639
-0.391621
-0.431648
-0.391630
-0.431658
-0.391640
-0.431667
-0.391648
-0.431675
-0.391656
-0.431683
-0.391664
-0.431691
-0.391672
-0.431698
-0.391679
-0.431705
-0.391686
-0.431712
-0.391692
-0.431718
-0.391698
-0.431724
-0.391704
-0.431730
-0.391710
-0.431735
-0.391715
-0.431740
-0.391720
-0.431745
-0.391725
-0.431750
-0.391730
-0.431755
-0.391734
-0.431759
-0.391738
-0.431763
-0.391742
-0.431767
-0.391746
-0.431771
-0.391750
-0.431774
-0.391753
-0.431778
-0.391757
-0.431781
-0.391760
-0.431784
-0.391763
-0.431787
-0.391766
-0.431790
-0.391768
-0.431792
-0.391771
-0.431795
-0.391773
-0.431797
-0.391776
-0.431800
-0.391778
-0.431802
-0.391780
-0.431804
-0.391782
-0.431806
-0.391784
-0.431808
-0.391786
-0.431810
-0.391788
-0.431811
-0.391789
-0.431813
-0.391791
-0.431814
-0.391793
-0.431816
-0.391794
-0.431817
-0.391795
-0.431819
-0.391797
-0.431820
-0.391798
-0.431821
-0.391799
-0.431823
-0.391800
-0.431823
-0.391802
-0.431825
-0.391803
-0.431825
-0.391803
-0.431827
-0.391804
-0.431827
-0.391805
-0.431828
-0.391806
-0.431829
-0.391807
-0.431830
-0.391808
-0.431831
-0.391808
-0.431831
-0.391809
-0.431832
-0.391810
-0.431833
-0.391810
-0.431833
-0.391811
-0.431834
-0.391812
-0.431834
-0.391812
-0.431835
-0.391813
-0.431836
-0.391813
-0.431836
-0.391814
-0.431836
-0.391814
-0.431837
-0.391815
-0.431837
-0.391815
-0.431838
-0.391815
-0.431838
-0.391816
-0.431838
-0.391816
-0.431839
-0.391816
-0.431839
-0.391817
-0.431840
-0.391817
-0.431840
-0.391817
-0.431840
-0.391818
-0.431840
-0.391818
-0.431841
-0.391818
-0.431841
-0.391819
-0.431841
-0.391819
-0.431841
-0.391819
-0.431842
-0.391819
-0.431842
-0.391819
-0.431842
-0.391820
-0.431842
-0.391820
-0.431842
-0.391820
-0.431843
-0.391820
-0.431843
-0.391820
-0.431843
-0.391820
-0.431843
-0.391820
-0.431843
-0.391821
-0.431843
-0.391821
-0.431843
-0.391821
-0.431843
-0.391821
-0.431844
-0.391821
-0.431844
-0.391821
-0.431844
-0.391821
-0.431844
-0.391821
-0.431844
-0.391822
-0.431844
-0.391822
-0.431844
-0.391822
-0.431844
-0.391822
-0.431844
-0.391822
-0.431844
-0.391822
-0.431844
-0.391822
-0.431845
-0.391822
-0.431845
-0.391822
-0.431845
-0.391822
-0.431845
-0.391822
-0.431845
-0.391822
-0.431845
-0.391823
-0.431845
-0.391823
-0.431845
-0.391823
-0.431845
-0.391823
-0.431845
-0.391823
-0.431845
-0.391823
-0.431845
-0.391823
-0.431845
-0.391823
-0.431845
-0.391823
-0.431845
-0.391823
-0.431845
-0.391823
-0.431845
-0.391823
-0.431845
-0.391823
-0.431845
-0.391823
-0.431845
-0.391823
-0.431845
-0.391823
-0.431845
-0.391823
-0.431845
-0.391823
-0.431846
-0.391823
-0.431846
-0.391823
-0.431846
-0.391823
-0.431846
-0.391823
-0.431846
-0.391823
-0.431846
-0.391823
-0.431846
-0.391823
-0.431846
-0.391823
-0.431846
-0.391823
-0.431846
-0.391823
-0.431846
-0.391823
-0.431846
-0.391823
-0.431846
-0.391823
-0.431846
-0.391823
-0.431846
-0.391823
-0.431846
-0.391823
-0.431846
-0.391823
-0.431846
-0.391823
-0.431846
-0.391823
-0.431846
-0.391823
-0.431846
-0.391823
-0.431846
-0.391823
-0.431846
-0.391823
-0.431846
-0.391823
-0.431846
-0.391823
-0.431846
-0.391823
-0.431846
-0.391823
-0.431846
-0.391823
-0.431846
-0.391823
-0.431846
-0.391823
-0.431846
-0.391823
-0.431846
-0.391823
-0.431846
-0.391823
-0.431846
-0.391823
-0.431846
-0.391823
-0.431846
-0.391823
-0.431846
-0.391823
-0.431846
-0.391823
-0.431846
-0.391823
-0.431846
-0.391823
-0.431846
-0.391823
-0.431846
-0.391823
-0.431846
-0.391823
-0.431846
-0.391823
-0.431846
-0.391823
-0.431846
-0.391823
-0.431846
-0.391823
-0.431846
-0.391823
-0.431846
-0.391823
-0.431846
-0.391823
-0.431846
-0.391823
-0.431846
-0.391823
-0.431846
-0.391823
-0.431846
-0.391823
-0.431846
-0.391823
-0.431846
-0.391823
-0.431846
-0.391823
-0.431846
-0.391823
-0.431846
-0.391823
-0.431846
-0.391823
-0.431846
-0.391823
-0.431846
-0.391823
-0.431846
-0.391823
-0.431846
-0.391823
-0.431846
-0.391823
-0.431846
-0.391823
-0.431846
-0.391823
-0.431846
-0.391823
-0.431846
-0.391823
-0.431846
-0.391823
-0.431846
-0.391823
-0.431846
-0.391823
-0.431846
-0.391823
-0.431846
-0.391823
-0.431846
-0.391823
-0.431846
-0.391824
-0.431846
-0.391824
-0.431846
-0.391824
-0.431846
-0.391824
-0.431846
-0.391824
-0.431846
-0.391824
-0.431846
-0.391824
-0.431846
-0.391824
-0.431846
-0.391824
-0.431846
-0.391824
-0.431846
-0.391824
-0.431846
-0.391824
-0.431846
-0.391824
-0.431846
-0.391824
-0.431846
-0.391824
-0.431846
-0.391824
-0.431846
-0.391824
-0.431846
-0.391824
-0.431846
-0.391824
-0.431846
-0.391824
-0.431846
-0.391824
-0.431846
-0.391824
-0.431846
-0.391824
-0.431846
-0.391824
-0.431846
-0.391824
-0.431846
-0.391824
-0.431846
-0.391824
-0.431846
-0.391824
-0.431846
-0.391824
-0.431846
-0.391824
-0.431846
-0.391824
-0.431846
-0.391824
-0.431846
-0.391824
-0.431846
-0.391824
-0.431846
-0.391824
-0.431846
-0.391824
-0.431846
-0.391824
-0.431846
-0.391824
-0.431846
-0.391824
-0.431846
-0.391824
-0.431846
-0.391824
-0.431846
-0.391824
-0.431846
-0.391824
-0.431846
-0.391824
-0.431846
-0.391824
-0.431846
-0.391824
-0.431846
-0.391824
-0.431846
-0.391824
-0.431846
-0.391824
-0.431846
-0.391824
-0.431846
-0.391824
-0.431846
-0.391824
-0.431846
-0.391824
-0.431846
-0.391824
-0.431846
-0.391824
-0.431846
-0.391824
-0.431846
-0.391824
-0.431846
-0.391824
-0.431846
-0.391824
-0.431846
-0.391824
-0.431846
-0.391824
-0.431846
-0.391824
-0.431846
-0.391824
-0.431846
-0.391824
-0.431846
-0.391824
-0.431846
-0.391824
-0.431846
-0.391824
-0.431846
-0.391824
-0.431846
-0.391824
-0.431846
-0.391824
-0.431846
-0.391824
-0.431846
-0.391824
-0.431846
-0.391824
-0.431846
-0.391824
-0.431846
-0.391824
-0.431846
-0.391824
-0.431846
-0.391824
-0.431846
-0.391824
-0.431846
-0.391824
-0.431846
-0.391824
-0.431846
-0.391824
-0.431846
-0.391824
-0.431846
-0.391824
-0.431846
-0.391824
-0.431846
-0.391824
-0.431846
-0.391824
-0.431846
-0.391824
-0.431846
-0.391824
-0.431846
-0.391824
-0.431846
-0.391824
-0.431846
-0.391824
-0.431846
-0.391824
-0.431846
-0.391824
-0.431846
-0.391824
-0.431846
-0.391824
-0.431846
-0.391824
-0.431846
-0.391824
-0.431846
-0.391824
-0.431846
-0.391824
-0.431846
-0.391824
-0.431846
-0.391824
-0.431846
-0.391824
-0.431846
-0.391824
-0.431846
-0.391824
-0.431846
-0.391824
-0.431846
-0.391824
-0.431846
-0.391824
-0.431846
-0.391824
-0.431846
-0.391824
-0.431846
-0.391824
-0.431846
-0.391824
-0.431846
-0.391824
-0.431846
-0.391824
-0.431846
-0.391824
-0.431846
-0.391824
-0.431846
-0.391824
-0.431846
-0.391824
-0.431846
-0.391824
-0.431846
-0.391824
-0.431846
-0.391824
-0.431846
-0.391824
-0.431846
-0.391824
-0.431846
-0.391824
-0.431846
-0.391824
-0.431846
-0.391824
-0.431846
-0.391824
-0.431846
-0.391824
-0.431846
-0.391824
-0.431846
-0.391824
-0.431846
-0.391824
-0.431846
-0.391824
-0.431846
-0.391824
-0.431846
-0.391824
-0.431846
-0.391824
-0.431846
-0.391824
-0.431846
-0.391824
-0.431846
-0.391824
-0.431846
-0.391824
-0.431846
-0.391824
-0.431846
-0.391824
-0.431846
-0.391824
-0.431846
-0.391824
-0.431846
-0.391824
-0.431846
-0.391824
-0.431846
-0.391824
-0.431846
-0.391824
-0.431846
-0.391824
-0.431846
-0.391824
-0.431846
-0.391824
-0.431846
-0.391824
-0.431846
-0.391824
-0.431846
-0.391824
-0.431846
-0.391824
-0.431846
-0.391824
-0.431846
-0.391824
-0.431846
-0.391824
-0.431846
-0.391824
-0.431846
-0.391824
-0.431846
-0.391824
-0.431846
-0.391824
-0.431846
-0.391824
-0.431846
-0.391824
-0.431846
-0.391824
-0.431846
-0.391824
-0.431846
-0.391824
-0.431846
-0.391824
-0.431846
-0.391824
-0.431846
-0.391824
-0.431846
-0.391824
-0.431846
-0.391824
-0.431846
-0.391824
-0.431846
-0.391824
-0.431846
-0.391824
-0.431846
-0.391824
-0.431846
-0.391824
-0.431846
-0.391824
-0.431846
-0.391824
-0.431846
-0.391824
-0.431846
-0.391824
-0.431846
-0.391824
-0.431846
-0.391824
-0.431846
-0.391824
-0.431846
-0.391824
-0.431846
-0.391824
-0.431846
-0.391824
-0.431846
-0.391824
-0.431846
-0.391824
-0.431846
-0.391824
-0.431846
-0.391824
-0.431846
-0.391824
-0.431846
-0.391824
-0.431846
-0.391824
-0.431846
-0.188721
-0.228887
-0.188721
-0.228887
-0.188721
-0.228887
-0.188721
-0.228887
-0.188721
-0.228887
-0.188721
-0.228887
-0.188721
-0.228887
-0.188721
-0.228887
-0.188721
-0.228887
-0.188721
-0.228887
-0.188721
-0.228887
-0.188721
-0.228887
-0.188721
-0.228887
-0.188721
-0.228887
-0.188721
-0.228887
-0.188721
-0.228887
-0.188721
-0.228887
-0.188721
-0.228887
-0.188721
-0.228887
-0.188721
-0.228887
-0.188721
-0.228887
-0.188721
-0.228887
-0.188721
-0.228887
-0.188721
-0.228887
-0.188721
-0.228887
-0.188721
-0.228887
-0.188721
-0.228887
-0.188721
-0.228887
-0.188721
-0.228887
-0.188721
-0.228887
-0.188721
-0.228887
-0.188721
-0.228887
-0.188721
-0.228887
-0.188721
-0.228887
-0.188721
-0.228887
-0.188721
-0.228887
-0.188721
-0.228887
-0.188721
-0.228887
-0.188721
-0.228887
-0.188721
-0.228887
-0.188721
-0.228887
-0.188721
-0.228887
-0.188721
-0.228887
-0.188721
-0.228887
-0.188721
-0.228887
-0.188721
-0.228887
-0.188721
-0.228887
-0.188721
-0.228887
-0.188721
-0.228887
-0.188721
-0.228887
-0.188721
-0.228887
-0.188721
-0.228887
-0.188721
-0.228887
-0.188721
-0.228887
-0.188721
-0.228887
-0.188721
-0.228887
-0.188721
-0.228887
-0.188721
-0.228887
-0.188721
-0.228887
-0.188721
-0.228887
-0.188721
-0.228887
-0.188721
-0.228887
-0.188721
-0.228887
-0.188721
-0.228887
-0.188721
-0.228887
-0.188721
-0.228887
-0.188721
-0.228887
-0.188721
-0.228887
-0.188721
-0.228887
-0.188721
-0.228887
-0.188721
-0.228887
-0.188721
-0.228887
-0.188721
-0.228887
-0.188721
-0.228887
-0.188721
-0.228887
-0.188721
-0.228887
-0.188721
-0.228887
-0.188721
-0.228887
-0.188721
-0.228887
-0.188721
-0.228887
-0.188721
-0.228887
-0.188721
-0.228887
-0.188721
-0.228887
-0.188721
-0.228887
-0.188721
-0.228887
-0.188721
-0.228887
-0.188721
-0.228887
-0.188721
-0.228887
-0.188721
-0.228887
-0.188721
-0.228887
-0.188721
-0.228887
-0.188721
-0.228887
-0.188721
-0.228887
-0.188721
-0.228887
-0.188721
-0.228887
-0.188721
-0.228887
-0.188721
-0.228887
-0.188721
-0.228887
-0.188721
-0.228887
-0.188721
-0.228887
-0.188721
-0.228887
-0.188721
-0.228887
-0.188721
-0.228887
-0.188721
-0.228887
-0.188721
-0.228887
-0.188721
-0.228887
-0.188721
-0.228887
-0.188721
-0.228887
-0.188721
-0.228887
-0.188721
-0.228887
-0.188721
-0.228887
-0.188721
-0.228887
-0.188721
-0.228887
-0.188721
-0.228887
-0.188721
-0.228887
-0.188721
-0.228887
-0.188721
-0.228887
-0.188721
-0.228887
-0.188721
-0.228887
-0.188721
-0.228887
-0.188721
-0.228887
-0.188721
-0.228887
-0.188721
-0.228887
-0.188721
-0.228887
-0.188721
-0.228887
-0.188721
-0.228887
-0.188721
-0.228887
-0.188721
-0.228887
-0.188721
-0.228887
-0.188721
-0.228887
-0.188721
-0.228887
-0.188721
-0.228887
-0.188721
-0.228887
-0.188721
-0.228887
-0.188721
-0.228887
-0.188721
-0.228887
-0.188721
-0.228887
-0.188721
-0.228887
-0.188721
-0.228887
-0.188721
-0.228887
-0.188721
-0.228887
-0.188721
-0.228887
-0.188721
-0.228887
-0.188721
-0.228887
-0.188721
-0.228887
-0.188721
-0.228887
-0.188721
-0.228887
-0.188721
-0.228887
-0.188721
-0.228887
-0.188721
-0.228887
-0.188721
-0.228887
-0.188721
-0.228887
-0.188721
-0.228887
-0.188721
-0.228887
-0.188721
-0.228887
-0.188721
-0.228887
-0.188721
-0.228887
-0.188721
-0.228887
-0.188721
-0.152484
-0.196359
-0.159378
-0.125971
-0.172609
-0.137932
-0.106554
-0.155268
-0.122254
-0.092318
-0.142605
-0.110789
-0.081874
-0.133360
-0.102407
-0.074210
-0.126611
-0.096279
-0.068585
-0.121685
-0.091801
-0.064460
-0.118091
-0.088530
-0.061436
-0.115468
-0.086141
-0.059221
-0.113555
-0.084398
-0.057601
-0.112160
-0.083125
-0.056416
-0.111143
-0.082197
-0.055550
-0.110401
-0.081520
-0.054918
-0.109860
-0.081026
-0.054456
-0.109465
-0.080666
-0.054119
-0.109178
-0.080403
-0.053874
-0.108968
-0.080212
-0.053695
-0.108815
-0.080072
-0.053564
-0.108704
-0.079970
-0.053468
-0.108623
-0.079896
-0.053399
-0.108564
-0.079842
-0.053348
-0.108520
-0.079803
-0.053311
-0.108489
-0.079774
-0.053284
-0.108466
-0.079753
-0.053265
-0.108449
-0.079738
-0.053250
-0.108437
-0.079727
-0.053240
-0.108428
-0.079718
-0.053232
-0.108422
-0.079712
-0.053227
-0.108417
-0.079708
-0.053223
-0.108413
-0.079705
-0.053220
-0.108411
-0.079703
-0.053218
-0.108409
-0.079701
-0.053216
-0.108408
-0.079700
-0.053215
-0.108407
-0.079699
-0.053214
-0.108406
-0.079698
-0.053214
-0.108406
-0.079698
-0.053213
-0.108405
-0.079698
-0.053213
-0.108405
-0.079697
-0.053213
-0.108405
-0.079697
-0.053212
-0.108405
-0.079697
-0.053212
-0.108405
-0.079697
-0.053212
-0.108404
-0.079697
-0.053212
-0.108404
-0.079697
-0.053212
-0.108404
-0.079697
-0.053212
-0.027082
-0.087521
-0.060501
-0.034719
-nan
-0.073678
-0.047538
-0.020314
-nan
-0.064491
-0.038686
-nan
-nan
-0.058394
-0.032576
-nan
-nan
-0.054353
-0.028327
-nan
-nan
-0.051680
-0.025364
-nan
-nan
-0.049914
-0.023302
-nan
-nan
-0.048750
-0.021876
-nan
-nan
-0.047984
-0.020900
-nan
-nan
-0.047480
-0.020237
-nan
-nan
-0.047149
-0.019790
-nan
-nan
-0.046931
-0.019492
-nan
-nan
-0.046788
-0.019294
-nan
-nan
-0.046695
-0.019163
-nan
-nan
-0.046633
-0.019077
-nan
-nan
-0.046593
-0.019020
-nan
-nan
-0.046566
-0.018983
-nan
-nan
-0.046549
-0.018958
-nan
-nan
-0.046537
-0.018942
-nan
-nan
-0.046530
-0.018931
-nan
-nan
0.006749
-0.029731
-nan
-nan
-nan
-0.035765
-nan
-nan
-nan
0.022790
-0.022101
-nan
-nan
-nan
0.031959
-nan
-nan
-nan
0.017703
0.036845
-nan
-nan
-nan
0.022159
0.039636
-nan
-nan
-nan
0.024463
0.041259
-nan
-nan
-nan
0.025757
0.042211
-nan
-nan
-nan
0.026503
0.042770
-nan
-nan
-nan
0.026938
0.043100
-nan
-nan
-nan
0.027193
0.043294
-nan
-nan
-nan
0.027343
0.043409
-nan
-nan
-nan
0.027431
0.043477
0.056717
-nan
-nan
0.018379
0.037231
0.051402
0.063605
-nan
-nan
0.025602
0.042096
0.055531
0.093400
0.019264
0.039917
0.055641
0.069206
0.081166
0.091790
0.101257
0.109707
0.117252
0.045200
0.059813
0.072555
0.083831
0.119655
0.127927
0.135280
0.141813
0.147611
0.152751
0.157303
0.161328
0.113682
0.123929
0.133020
0.141080
0.148219
0.154535
0.160114
0.165033
0.194838
0.198026
0.200756
0.203078
0.205037
0.232097
0.232836
0.233333
0.233615
0.233709
0.259041
0.258219
0.257284
0.256252
0.280527
0.278738
0.276905
0.275037
0.298525
0.296009
0.293496
0.290992
0.313876
0.310800
0.307759
0.304757
0.327166
0.323645
0.320183
0.316782
0.338807
0.334926
0.331120
0.352752
0.348495
0.344328
0.365608
0.361014
0.356520
0.377482
0.372582
0.367792
0.388465
0.383287
0.378228
0.398637
0.393206
0.387899
0.408067
0.402402
0.396869
0.416814
0.410935
0.405193
0.424934
0.418857
0.412923
0.432475
0.426215
0.420103
0.439481
0.433051
0.426775
0.445991
0.439405
0.432975
0.452041
0.445310
0.438739
0.457667
0.450801
0.444098
0.462897
0.455906
0.449081
0.467760
0.460653
0.453715
0.472283
0.465068
0.458024
0.476489
0.469174
0.462032
0.480401
0.472993
0.465760
0.484040
0.476545
0.469228
0.487425
0.479848
0.497792
0.489969
0.507671
0.499613
0.517085
0.508803
0.526055
0.517560
0.534603
0.525905
0.542749
0.533857
0.550512
0.541435
0.557908
0.548656
0.564957
0.555537
0.571674
0.562094
0.578075
0.568343
0.584175
0.574297
0.589987
0.579971
0.595526
0.585378
0.600804
0.590531
0.605834
0.595441
0.610627
0.600120
0.615195
0.604579
0.619547
0.608828
0.623695
0.612877
0.627647
0.616735
0.631414
0.620412
0.635003
0.623917
0.638423
0.627255
0.641684
0.630437
0.644789
0.633469
0.647749
0.636359
0.650569
0.639112
0.653258
0.641736
0.655819
0.644237
0.658259
0.646620
0.660586
0.648891
0.662803
0.651055
0.664914
0.653116
0.666928
0.655081
0.668846
0.656954
0.670674
0.658739
0.672415
0.660439
0.674076
0.662059
0.675658
0.663604
0.677165
0.665075
0.678601
0.666478
0.679970
0.667814
0.681275
0.669087
0.682518
0.670300
0.683702
0.671457
0.684832
0.672559
0.685907
0.673609
0.686932
0.674610
0.687909
0.675564
0.688840
0.676472
0.689727
0.677338
0.690572
0.678163
0.691378
0.678949
0.692145
0.679699
0.692877
0.680413
0.693574
0.681094
0.694238
0.681742
0.694871
0.682361
0.695475
0.682949
0.696049
0.683511
0.696598
0.684046
0.697120
0.684555
0.697617
0.685040
0.698092
0.685504
0.698543
0.685944
0.698973
0.686365
0.699384
0.686765
0.699774
0.687147
0.700148
0.687510
0.700502
0.687858
0.700841
0.688188
0.701163
0.688502
0.701470
0.688803
0.701763
0.689088
0.702043
0.689361
0.702308
0.689620
0.702562
0.689867
0.702803
0.690104
0.703034
0.690328
0.703252
0.690542
0.703462
0.690746
0.703661
0.690940
0.703850
0.691125
0.704032
0.691302
0.704203
0.691471
0.704368
0.691631
0.704524
0.691784
0.704673
0.691929
0.704815
0.692068
0.704951
0.692200
0.705080
0.692326
0.705203
0.692446
0.705320
0.692561
0.705431
0.692669
0.705539
0.692774
0.705639
0.692873
0.705736
0.692966
0.705828
0.693057
0.705916
0.693142
0.706000
0.693223
0.706080
0.693302
0.706155
0.693376
0.706227
0.693446
0.706297
0.693513
0.706362
0.693577
0.706424
0.693639
0.706484
0.693697
0.706542
0.693752
0.706596
0.693806
0.706647
0.693856
0.706697
0.693904
0.706744
0.693950
0.706788
0.693994
0.706830
0.694035
0.706871
0.694075
0.706910
0.694112
0.706947
0.694149
0.706982
0.694183
0.707016
0.694215
0.707048
0.694246
0.707078
0.694276
0.707107
0.694305
0.707134
0.694332
0.707161
0.694357
0.707186
0.694382
0.707210
0.694405
0.707232
0.694427
0.707254
0.694448
0.707274
0.694468
0.707294
0.694488
0.707313
0.694506
0.707331
0.694523
0.707348
0.694540
0.707364
0.694556
0.707380
0.694571
0.707394
0.694585
0.707409
0.694599
0.707422
0.694612
0.707434
0.694625
0.707447
0.694636
0.707459
0.694648
0.707470
0.694659
0.707480
0.694669
0.707490
0.694679
0.707500
0.694688
0.707509
0.694697
0.707518
0.694706
0.707526
0.694714
0.707533
0.694721
0.707541
0.694729
0.707548
0.694736
0.707556
0.694742
0.707561
0.694749
0.707568
0.694754
0.707573
0.694761
0.707579
0.694766
0.707585
0.694771
0.707590
0.694777
0.707595
0.694781
0.707599
0.694785
0.707603
0.694790
0.707608
0.694794
0.707612
0.694798
0.707616
0.694801
0.707619
0.694805
0.707623
0.694809
0.707626
0.694812
0.707629
0.694815
0.707632
0.694817
0.707636
0.694821
0.707638
0.694823
0.707641
0.694826
0.707644
0.694828
0.707646
0.694830
0.707648
0.694832
0.707650
0.694835
0.707652
0.694837
0.707653
0.694839
0.707656
0.694840
0.707657
0.694842
0.707659
0.694844
0.707660
0.694845
0.707662
0.694846
0.707664
0.694849
0.707665
0.694850
0.707667
0.694851
0.707668
0.694852
0.707669
0.694854
0.707670
0.694854
0.707671
0.694856
0.707672
0.694856
0.707674
0.694857
0.707675
0.694858
0.707675
0.694859
0.707676
0.694860
0.707677
0.694861
0.707678
0.694861
0.707678
0.694862
0.707679
0.694863
0.707679
0.694863
0.707680
0.694865
0.707681
0.694865
0.707681
0.694866
0.707682
0.694866
0.707682
0.694867
0.707684
0.694867
0.707684
0.694868
0.707684
0.694868
0.707685
0.694869
0.707685
0.694869
0.707685
0.694869
0.707686
0.694870
0.707686
0.694870
0.707686
0.694870
0.707687
0.694871
0.707687
0.694871
0.707687
0.694871
0.707688
0.694872
0.707688
0.694872
0.707688
0.694872
0.707688
0.694872
0.707689
0.694873
0.707689
0.694873
0.707689
0.694873
0.707689
0.694873
0.707689
0.694873
0.707690
0.694873
0.707690
0.694874
0.707690
0.694874
0.707690
0.694874
0.707690
0.694874
0.707690
0.694874
0.707690
0.694874
0.707690
0.694874
0.707690
0.694875
0.707691
0.694875
0.707691
0.694875
0.707691
0.694875
0.707691
0.694875
0.707691
0.694875
0.707691
0.694875
0.707691
0.694875
0.707691
0.694875
0.707691
0.694875
0.707691
0.694875
0.707691
0.694875
0.707693
0.694875
0.707693
0.694875
0.707693
0.694876
0.707693
0.694876
0.707693
0.694876
0.707693
0.694876
0.707693
0.694876
0.707693
0.694876
0.707693
0.694876
0.707693
0.694876
0.707693
0.694876
0.707693
0.694876
0.707693
0.694876
0.707693
0.694876
0.707693
0.694876
0.707693
0.694876
0.707693
0.694876
0.707693
0.694876
0.707693
0.694876
0.707693
0.694876
0.707693
0.694876
0.707693
0.694876
0.707693
0.694876
0.707693
0.694876
0.707693
0.694876
0.707693
0.694876
0.707693
0.694876
0.707693
0.694876
0.707693
0.694876
0.707693
0.694876
0.707693
0.694876
0.707693
0.694876
0.707693
0.694876
0.707693
0.694876
0.707693
0.694876
0.707693
0.694876
0.707693
0.694876
0.707693
0.694876
0.707693
0.694876
0.707693
0.694876
0.707693
0.694876
0.707693
0.694876
0.707693
0.694876
0.707693
0.694876
0.707693
0.694876
0.707693
0.694876
0.707693
0.694876
0.707693
0.694876
0.707693
0.694876
0.707693
0.694876
0.707693
0.694876
0.707693
0.694876
0.707693
0.694876
0.707693
0.694876
0.707693
0.694876
0.707693
0.694876
0.707693
0.694876
0.707693
0.694876
0.707693
0.694876
0.707693
0.694876
0.707693
0.694876
0.707693
0.694876
0.707693
0.694876
0.707693
0.694876
0.707693
0.694876
0.707693
0.694876
0.707693
0.694876
0.707693
0.694876
0.707693
0.694876
0.707693
0.694876
0.707693
0.694876
0.707693
0.694876
0.707693
0.694876
0.707693
0.694876
0.707693
0.694876
0.707693
0.694876
0.707693
0.694876
0.707693
0.694876
0.707693
0.694876
0.707693
0.694876
0.707693
0.694876
0.707693
0.694876
0.707693
0.694876
0.707693
0.694876
0.707693
0.694876
0.707693
0.694876
0.707693
0.694876
0.707693
0.694876
0.707693
0.694876
0.707693
0.694876
0.707693
0.694876
0.707693
0.694876
0.707693
0.694876
0.707693
0.694876
0.707693
0.694876
0.707693
0.694876
0.707693
0.694876
0.707693
0.694876
0.707693
0.694876
0.707693
0.694876
0.707693
0.694876
0.707693
0.694876
0.707693
0.694876
0.707693
0.694876
0.707693
0.694876
0.707693
0.694876
0.707693
0.694876
0.707693
0.694876
0.707693
0.694876
0.707693
0.694876
0.707693
0.694876
0.707693
0.694876
0.707693
0.694876
0.707693
0.694876
0.707693
0.694876
0.707693
0.694876
0.707693
0.694876
0.707693
0.694876
0.707693
0.694876
0.707693
0.694876
0.707693
0.694876
0.707693
0.694876
0.707693
0.694876
0.707693
0.694876
0.707693
0.694876
0.707693
0.694876
0.707693
0.694876
0.707693
0.694876
0.707693
0.694876
0.707693
0.694876
0.707693
0.694876
0.707693
0.694876
0.707693
0.694876
0.707693
0.694876
0.707693
0.694876
0.707693
0.694876
0.707693
0.694876
0.707693
0.694876
0.707693
0.694876
0.707693
0.694876
0.707693
0.694876
0.707693
0.694876
0.707693
0.694876
0.707693
0.694876
0.707693
0.694876
0.707693
0.694876
0.707693
0.694876
0.707693
0.694876
0.707693
0.694876
0.707693
0.694876
0.707693
0.694876
0.707693
0.694876
0.707693
0.694876
0.707693
0.694876
0.707693
0.694876
0.707693
0.694876
0.707693
0.694876
0.707693
0.694876
0.707693
0.694876
0.707693
0.694876
0.707693
0.694876
0.707693
0.694876
0.707693
0.694876
0.707693
0.694876
0.707693
0.694876
0.707693
0.694876
0.707693
0.694876
0.707693
0.694876
0.707693
0.694876
0.707693
0.694876
0.707693
0.694876
0.707693
0.694876
0.707693
0.694876
0.707693
0.694876
0.707693
0.694876
0.707693
0.694876
0.707693
0.694876
0.707693
0.694876
0.707693
0.694876
0.707693
0.694876
0.707693
0.694876
0.707693
0.694876
0.707693
0.694876
0.707693
0.694876
0.707693
0.694876
0.707693
0.694876
0.707693
0.694876
0.707693
0.694876
0.707693
0.694876
0.707693
0.694876
0.707693
0.694876
0.707693
0.694876
0.707693
0.694876
0.707693
0.694876
0.707693
0.694876
0.707693
0.694876
0.707693
0.694876
0.707693
0.694876
0.707693
0.694876
0.707693
0.694876
0.707693
0.694876
0.707693
0.694876
0.707693
0.694876
0.707693
0.694876
0.707693
0.694876
0.707693
0.694876
0.707693
0.694876
0.707693
0.694876
0.707693
0.694876
0.707693
0.694876
0.707693
0.694876
0.707693
0.694876
0.707693
0.694876
0.707693
0.694876
0.707693
0.694876
0.707693
0.694876
0.707693
0.694876
0.707693
0.694876
0.707693
0.694876
0.707693
0.694876
0.707693
0.694876
0.707693
0.694876
0.707693
0.694876
0.707693
0.694876
0.707693
0.694876
0.707693
0.694876
0.707693
0.694876
0.707693
0.694876
0.707693
0.694876
0.707693
0.694876
0.707693
0.694876
0.707693
0.694876
0.707693
0.694876
0.707693
0.694876
0.707693
0.694876
0.707693
0.694876
0.707693
0.694876
0.707693
0.694876
0.707693
0.694876
0.707693
0.694876
0.707693
0.694876
0.707693
0.694876
0.707693
0.694876
0.707693
0.694876
0.707693
0.694876
0.707693
0.694876
0.707693
0.694876
0.707693
0.694876
0.707693
0.694876
0.707693
0.694876
0.707693
0.694876
0.707693
0.694876
0.707693
0.694876
0.707693
0.694876
0.707693
0.694876
0.707693
0.694876
0.707693
0.694876
0.707693
0.694876
0.707693
0.694876
0.707693
0.694876
0.707693
0.694876
0.707693
0.694876
0.707693
0.694876
0.707693
0.694876
0.707693
0.694876
0.707693
0.694876
0.707693
0.694876
0.707693
0.694876
0.707693
0.694876
0.707693
0.694876
0.707693
0.694876
0.707693
0.694876
0.707693
0.694876
0.707693
0.694876
0.707693
0.694876
0.707693
0.694876
0.707693
0.694876
0.707693
0.694876
0.707693
0.694876
0.707693
0.694876
0.707693
0.694876
0.707693
0.694876
0.707693
0.694876
0.707693
0.694876
0.707693
0.694876
0.707693
0.694876
0.707693
0.694876
0.707693
0.694876
0.707693
0.694876
0.707693
0.694876
0.707693
0.694876
0.707693
0.694876
0.707693
0.694876
0.707693
0.694876
0.707693
0.694876
0.707693
0.694876
0.707693
0.694876
0.707693
0.694876
0.707693
0.694876
0.707693
0.694876
0.707693
0.694876
0.707693
0.694876
0.707693
0.694876
0.707693
0.694876
0.707693
0.694876
0.707693
0.694876
0.707693
0.694876
0.707693
0.694876
0.707693
0.694876
0.707693
0.694876
0.707693
0.694876
0.707693
0.694876
0.707693
0.694876
0.707693
0.694876
0.707693
0.694876
0.707693
0.694876
0.707693
0.694876
0.707693
0.694876
0.707693
0.694876
0.707693
0.694876
0.707693
0.694876
0.707693
0.694876
0.707693
0.694876
0.707693
0.694876
0.707693
0.694876
0.707693
0.694876
0.707693
0.694876
0.707693
0.694876
0.707693
0.694876
0.707693
0.694876
0.707693
0.694876
0.707693
0.694876
0.707693
0.694876
0.707693
0.694876
0.707693
0.694876
0.707693
0.694876
0.707693
0.694876
0.707693
0.694876
0.707693
0.694876
0.707693
0.694876
0.707693
0.694876
0.707693
0.694876
0.707693
0.694876
0.707693
0.694876
0.707693
0.694876
0.707693
0.694876
0.707693
0.694876
0.707693
0.694876
0.707693
0.694876
0.707693
0.694876
0.707693
0.694876
0.707693
0.694876
0.707693
0.694876
0.707693
0.694876
0.707693
0.694876
0.707693
0.694876
0.707693
0.694876
0.707693
0.694876
0.707693
0.694876
0.707693
0.694876
0.707693
0.694876
0.707693
0.694876
0.707693
0.694876
0.707693
0.694876
0.707693
0.694876
0.707693
0.694876
0.707693
0.694876
0.707693
0.694876
0.707693
0.694876
0.707693
0.694876
0.707693
0.694876
0.707693
0.694876
0.707693
0.694876
0.707693
0.694876
0.707693
0.694876
0.707693
0.694876
0.707693
0.694876
0.707693
0.694876
0.707693
0.694876
0.707693
0.694876
0.707693
0.694876
0.707693
0.694876
0.707693
0.694876
0.707693
0.694876
0.707693
0.694876
0.707693
0.694876
0.707693
0.694876
0.707693
0.694876
0.707693
0.694876
0.707693
0.694876
0.707693
0.694876
0.707693
0.694876
0.707693
0.694876
0.707693
0.694876
0.707693
0.694876
0.707693
0.694876
0.707693
0.694876
0.707693
0.694876
0.707693
0.694876
0.707693
0.694876
0.707693
0.694876
0.707693
0.694876
0.707693
0.694876
0.707693
0.694876
0.707693
0.694876
0.707693
0.694876
0.707693
0.694876
0.707693
0.694876
0.707693
0.694876
0.707693
0.694876
0.707693
0.694876
0.707693
0.694876
0.707693
0.694876
0.707693
0.694876
0.707693
0.694876
0.707693
0.694876
0.707693
0.694876
0.707693
0.694876
0.707693
0.694876
0.707693
0.694876
0.707693
0.694876
0.707693
0.694876
0.707693
0.694876
0.707693
0.694876
0.707693
0.694876
0.707693
0.694876
0.707693
0.694876
0.707693
0.694876
0.707693
0.694876
0.707693
0.694876
0.707693
0.694876
0.707693
0.694876
0.707693
0.694876
0.707693
0.694876
0.707693
0.694876
0.707693
0.694876
0.707693
0.694876
0.707693
0.694876
0.707693
0.694876
0.707693
0.694876
0.707693
0.694876
0.707693
0.694876
0.707693
0.694876
0.707693
0.694876
0.707693
0.694876
0.707693
0.694876
0.707693
0.694876
0.707693
0.694876
0.707693
0.694876
0.707693
0.694876
0.707693
0.694876
0.707693
0.694876
0.707693
0.694876
0.707693
0.694876
0.707693
0.694876
0.707693
0.694876
0.707693
0.694876
0.707693
0.694876
0.707693
0.694876
0.707693
0.694876
0.707693
0.694876
0.707693
0.694876
0.707693
0.694876
0.707693
0.694876
0.707693
0.694876
0.707693
0.694876
0.707693
0.694876
0.707693
0.694876
0.707693
0.694876
0.707693
0.694876
0.707693
0.694876
0.707693
0.694876
0.707693
0.694876
0.707693
0.694876
0.707693
0.694876
0.707693
0.694876
0.707693
0.694876
0.707693
0.694876
0.707693
0.694876
0.707693
0.694876
0.707693
0.694876
0.707693
0.694876
0.707693
0.694876
0.707693
0.694876
0.707693
0.694876
0.707693
0.694876
0.707693
0.694876
0.707693
0.694876
0.707693
0.694876
0.707693
0.694876
0.707693
0.694876
0.707693
0.694876
0.707693
0.694876
0.707693
0.694876
0.707693
0.694876
0.707693
0.694876
0.707693
0.694876
0.707693
0.694876
0.707693
0.694876
0.707693
0.694876
0.707693
0.694876
0.707693
0.694876
0.707693
0.694876
0.707693
0.694876
0.707693
0.694876
0.707693
0.694876
0.707693
0.694876
0.707693
0.694876
0.707693
0.694876
0.707693
0.694876
0.707693
0.694876
0.707693
0.694876
0.707693
0.694876
0.707693
0.694876
0.707693
0.694876
0.707693
0.694876
0.707693
0.694876
0.707693
0.694876
0.707693
0.694876
0.707693
0.694876
0.707693
0.694876
0.707693
0.694876
0.707693
0.694876
0.707693
0.694876
0.707693
0.694876
0.707693
0.694876
0.707693
0.694876
0.707693
0.694876
0.707693
0.694876
0.707693
0.694876
0.707693
0.694876
0.707693
0.694876
0.707693
0.694876
0.707693
0.694876
0.707693
0.694876
0.707693
0.694876
0.707693
0.694876
0.707693
0.694876
0.707693
0.694876
0.707693
0.694876
0.707693
0.694876
0.707693
0.694876
0.707693
0.694876
0.707693
0.694876
0.707693
0.694876
0.707693
0.694876
0.707693
0.694876
0.707693
0.694876
0.707693
0.694876
0.707693
0.694876
0.707693
0.694876
0.707693
0.694876
0.707693
0.694876
0.707693
0.694876
0.707693
0.694876
0.707693
0.694876
0.707693
0.694876
0.707693
0.694876
0.707693
0.694876
0.707693
0.694876
0.707693
0.694876
0.707693
0.694876
0.707693
0.694876
0.707693
0.694876
0.707693
0.694876
0.707693
0.694876
0.707693
0.694876
0.707693
0.694876
0.707693
0.694876
0.707693
0.694876
0.707693
0.694876
0.707693
0.694876
0.707693
0.694876
0.707693
0.694876
0.707693
0.694876
0.707693
0.694876
0.707693
0.694876
0.707693
0.694876
0.707693
0.694876
0.707693
0.694876
0.707693
0.694876
0.707693
0.694876
0.707693
0.694876
0.707693
0.694876
0.707693
0.694876
0.707693
0.694876
0.707693
0.694876
0.707693
0.694876
0.707693
0.694876
0.707693
0.694876
0.707693
0.694876
0.707693
0.694876
0.707693
0.694876
0.707693
0.694876
0.707693
0.694876
0.707693
0.694876
0.707693
0.694876
0.707693
0.694876
0.707693
0.694876
0.707693
0.694876
0.707693
0.694876
0.707693
0.694876
0.707693
0.694876
0.707693
0.694876
0.707693
0.694876
0.707693
0.694876
0.707693
0.694876
0.707693
0.694876
0.707693
0.694876
0.707693
0.694876
0.707693
0.694876
0.707693
0.694876
0.707693
0.694876
0.707693
0.694876
0.707693
0.694876
0.707693
0.694876
0.707693
0.694876
0.707693
0.694876
0.707693
0.694876
0.707693
0.694876
0.707693
0.694876
0.707693
0.694876
0.707693
0.694876
0.707693
0.694876
0.707693
0.694876
0.707693
0.694876
0.707693
0.694876
0.707693
0.694876
0.707693
0.694876
0.707693
0.694876
0.707693
0.694876
0.707693
0.694876
0.707693
0.694876
0.707693
0.694876
0.707693
0.694876
0.707693
0.694876
0.707693
0.694876
0.707693
0.694876
0.707693
0.694876
0.707693
0.694876
0.707693
0.694876
0.707693
0.694876
0.707693
0.694876
0.707693
0.694876
0.707693
0.694876
0.707693
0.694876
0.707693
0.694876
0.707693
0.694876
0.707693
0.694876
0.707693
0.694876
0.707693
0.694876
0.707693
0.694876
0.707693
0.694876
0.707693
0.694876
0.707693
0.694876
0.707693
0.694876
0.707693
0.694876
0.707693
0.694876
0.707693
0.694876
0.707693
0.694876
0.707693
0.694876
0.707693
0.694876
0.707693
0.694876
0.707693
0.694876
0.707693
0.694876
0.707693
0.694876
0.707693
0.694876
0.707693
0.694876
0.707693
0.694876
0.707693
0.694876
0.707693
0.694876
0.707693
0.694876
0.707693
0.694876
0.707693
0.694876
0.707693
0.694876
0.707693
0.694876
0.707693
0.694876
0.707693
0.694876
0.707693
0.694876
0.707693
0.694876
0.707693
0.694876
0.707693
0.694876
0.707693
0.694876
0.707693
0.694876
0.707693
0.694876
0.707693
0.694876
0.707693
0.694876
0.707693
0.694876
0.707693
0.694876
0.707693
0.694876
0.707693
0.694876
0.707693
0.694876
0.707693
0.694876
0.707693
0.694876
0.707693
0.694876
0.707693
0.694876
0.707693
0.694876
0.707693
0.694876
0.707693
0.694876
0.707693
0.694876
0.707693
0.694876
0.707693
0.694876
0.707693
0.694876
0.707693
0.694876
0.707693
0.694876
0.707693
0.694876
0.707693
0.694876
0.707693
0.694876
0.707693
0.694876
0.707693
0.694876
0.707693
0.694876
0.707693
0.694876
0.707693
0.694876
0.707693
0.694876
0.707693
0.694876
0.707693
0.694876
0.707693
0.694876
0.707693
0.694876
0.707693
0.694876
0.707693
0.694876
0.707693
0.694876
0.707693
0.694876
0.707693
0.694876
0.707693
0.694876
0.707693
0.694876
0.707693
0.694876
0.707693
0.694876
0.707693
0.694876
0.707693
0.694876
0.707693
0.694876
0.707693
0.694876
0.707693
0.694876
0.707693
0.694876
0.707693
0.694876
0.707693
0.694876
0.707693
0.694876
0.707693
0.694876
0.707693
0.694876
0.707693
0.694876
0.707693
0.694876
0.707693
0.694876
0.707693
0.694876
0.707693
0.694876
0.707693
0.694876
0.707693
0.694876
0.707693
0.694876
0.707693
0.694876
0.707693
0.694876
0.707693
0.694876
0.707693
0.694876
0.707693
0.694876
0.707693
0.694876
0.707693
0.694876
0.707693
0.694876
0.707693
0.694876
0.707693
0.694876
0.707693
0.694876
0.707693
0.694876
0.707693
0.694876
0.707693
0.694876
0.707693
0.694876
0.707693
0.694876
0.707693
0.694876
0.707693
0.694876
0.707693
0.694876
0.707693
0.694876
0.707693
0.694876
0.707693
0.694876
0.707693
0.694876
0.707693
0.694876
0.707693
0.694876
0.707693
0.694876
0.707693
0.694876
0.707693
0.694876
0.707693
0.694876
0.707693
0.694876
0.707693
0.694876
0.707693
0.694876
0.707693
0.694876
0.707693
0.694876
0.707693
0.694876
0.707693
0.694876
0.707693
0.694876
0.707693
0.694876
0.707693
0.694876
0.707693
0.694876
0.707693
0.694876
0.707693
0.694876
0.707693
0.694876
0.707693
0.694876
0.707693
0.694876
0.707693
0.694876
0.707693
0.694876
0.707693
0.694876
0.707693
0.694876
0.707693
0.694876
0.707693
0.694876
0.707693
0.694876
0.707693
0.694876
0.707693
0.694876
0.707693
0.694876
0.707693
0.694876
0.707693
0.694876
0.707693
0.694876
0.707693
0.694876
0.707693
0.694876
0.707693
0.694876
0.707693
0.694876
0.707693
0.694876
0.707693
0.694876
0.707693
0.694876
0.707693
0.694876
0.707693
0.694876
0.707693
0.694876
0.707693
0.694876
0.707693
0.694876
0.707693
0.694876
0.707693
0.694876
0.707693
0.694876
0.707693
0.694876
0.707693
0.694876
0.707693
0.694876
0.707693
0.694876
0.707693
0.694876
0.707693
0.694876
0.707693
0.694876
0.707693
0.694876
0.707693
0.694876
0.707693
0.694876
0.707693
0.694876
0.707693
0.694876
0.707693
0.694876
0.707693
0.694876
0.707693
0.694876
0.707693
0.694876
0.707693
0.694876
0.707693
0.694876
0.707693
0.694876
0.707693
0.694876
0.707693
0.694876
0.707693
0.694876
0.707693
0.694876
0.707693
0.694876
0.707693
0.694876
0.707693
0.694876
0.707693
0.694876
0.707693
0.694876
0.707693
0.694876
0.707693
0.694876
0.707693
0.694876
0.707693
0.694876
0.707693
0.694876
0.707693
0.694876
0.707693
0.694876
0.707693
0.694876
0.707693
0.694876
0.707693
0.694876
0.707693
0.694876
0.707693
0.694876
0.707693
0.694876
0.707693
0.694876
0.707693
0.694876
0.707693
0.694876
0.707693
0.694876
0.707693
0.694876
0.707693
0.694876
0.707693
0.694876
0.707693
0.694876
0.707693
0.694876
0.707693
0.694876
0.707693
0.694876
0.707693
0.694876
0.707693
0.694876
0.707693
0.694876
0.707693
0.694876
0.707693
0.694876
0.707693
0.694876
0.707693
0.694876
0.707693
0.694876
0.707693
0.694876
0.707693
0.694876
0.707693
0.694876
0.707693
0.694876
0.707693
0.694876
0.707693
0.694876
0.707693
0.694876
0.707693
0.694876
0.707693
0.694876
0.707693
0.694876
0.707693
0.694876
0.707693
